(array([[20.63476974, 19.54454111,  3.76272727]]), array([[25.23976974, 19.54454111,  3.76272727]]))
(array([[11.99999702, 32.97899565,  3.86      ]]), array([[11.99999702, 34.52099565,  3.86      ]]))
(array([[21.38499702, 19.41499565,  3.86      ]]), array([[21.38499702, 10.82499565,  3.86      ]]))
(array([[20.84449423, 31.41176214,  3.81862069]]), array([[20.84449423, 35.61680252,  3.81862069]]))
(array([[16.8675    , 10.84999565,  3.76666667]]), array([[16.8675    , 16.865     ,  3.76666667]]))
(array([[10.11999697,  8.28      ,  3.76      ]]), array([[10.11999697, 10.01002217,  3.76      ]]))
(array([[10.13249697,  3.015     ,  3.76666667]]), array([[10.13249697,  0.1       ,  3.76666667]]))
(array([[5.23999702, 8.0875    , 3.76666667]]), array([[9.94499697, 8.0875    , 3.76666667]]))
(array([[4.87999702, 8.0875    , 3.76666667]]), array([[0.1       , 8.0875    , 3.76666667]]))
(array([[5.05999702, 8.275     , 3.76      ]]), array([[ 5.05999702, 10.08502217,  3.76      ]]))
(array([[12.21499702, 31.52471326,  8.58      ]]), array([[12.21499702, 24.77071326,  8.58      ]]))
(array([[11.81999702, 31.59995528,  8.16      ]]), array([[23.75999702, 31.59995528,  8.16      ]]))
(array([[23.83499702, 31.59995528,  8.55      ]]), array([[25.35499706, 31.59995528,  8.55      ]]))
(array([[11.99999702, 36.07499565,  8.53      ]]), array([[11.99999702, 31.74995528,  8.53      ]]))
(array([[ 5.07843452, 10.08627217,  8.40125   ]]), array([[5.07843452, 8.10125   , 8.40125   ]]))
(array([[25.53499702, 19.54999565,  3.766     ]]), array([[30.28499702, 19.54999565,  3.766     ]]))
(array([[20.83999702, 24.59999565,  3.772     ]]), array([[30.51499702, 24.59999565,  3.772     ]]))
(array([[20.83999702, 31.59995528,  3.772     ]]), array([[25.29499706, 31.59995528,  3.772     ]]))
(array([[10.11999697, 10.035     ,  8.55      ]]), array([[10.11999697,  8.095     ,  8.55      ]]))
(array([[10.01999697,  8.0875    ,  8.22666667]]), array([[5.19999702, 8.0875    , 8.22666667]]))
(array([[16.775     ,  8.0875    ,  8.22666667]]), array([[10.36999697,  8.0875    ,  8.22666667]]))
(array([[4.84499702, 8.0875    , 8.22666667]]), array([[0.025     , 8.0875    , 8.22666667]]))
(array([[20.83999702, 24.59995528,  8.486     ]]), array([[30.51499702, 24.59995528,  8.486     ]]))
(array([[12.21499702, 24.49449932,  8.58      ]]), array([[12.21499702, 16.73049932,  8.58      ]]))
(array([[16.88 , 16.795,  8.486]]), array([[16.88      , 10.87999565,  8.486     ]]))
(array([[23.57999702, 13.01249566,  8.396     ]]), array([[23.57999702,  8.1925    ,  8.396     ]]))
(array([[30.01999702,  8.1955    ,  8.396     ]]), array([[30.01999702, 13.01549566,  8.396     ]]))
(array([[30.01999702, 19.44699566,  8.396     ]]), array([[30.01999702, 13.37699566,  8.396     ]]))
(array([[23.57999702, 19.44999566,  8.396     ]]), array([[23.57999702, 13.37999566,  8.396     ]]))
(array([[25.08749702,  8.10125   ,  8.477     ]]), array([[32.12749702,  8.10125   ,  8.477     ]]))
(array([[16.85 ,  8.1  ,  8.477]]), array([[23.48499702,  8.1       ,  8.477     ]]))
(array([[10.13249697,  7.9875    ,  8.22666667]]), array([[10.13249697,  3.4375    ,  8.22666667]]))
(array([[10.13249697,  3.015     ,  8.22666667]]), array([[10.13249697,  0.1       ,  8.22666667]]))
(array([[ 4.10090611, 31.58366946,  8.49890909]]), array([[10.80090611, 31.58366946,  8.49890909]]))
(array([[ 5.01999702, 24.59999565,  8.492     ]]), array([[12.10499702, 24.59999565,  8.492     ]]))
(array([[10.27499697, 16.59250298,  8.55666667]]), array([[12.13999702, 16.59250298,  8.55666667]]))
(array([[20.83501378, 35.92499565,  8.53      ]]), array([[20.83501378, 31.74995528,  8.53      ]]))
(array([[25.14749702, 16.19995528,  8.51      ]]), array([[32.10749702, 16.19995528,  8.51      ]]))
(array([[25.08749702, 13.19999566,  8.52      ]]), array([[32.12749702, 13.19999566,  8.52      ]]))
(array([[ 6.23199702, 12.67601776, 12.26366667]]), array([[ 6.23199702, 16.29601776, 12.26366667]]))
(array([[23.73499691, 13.35999566, 12.27666667]]), array([[30.57499702, 13.35999566, 12.27666667]]))
(array([[25.16749706,  8.125     , 12.27666667]]), array([[25.16749706, 13.17249566, 12.27666667]]))
(array([[16.79999702,  8.155     , 12.206     ]]), array([[16.79999702, 13.05499566, 12.206     ]]))
(array([[10.11999697,  8.2       , 12.27      ]]), array([[10.11999697, 10.01002217, 12.27      ]]))
(array([[23.65999691, 28.06999566, 14.9178    ]]), array([[11.91999691, 28.06999566, 14.9178    ]]))
(array([[16.79999702, 36.07499565,  8.53      ]]), array([[16.79999702, 31.74995528,  8.53      ]]))
(array([[ 5.99999702, 35.87499565,  8.53      ]]), array([[ 5.99999702, 31.81043087,  8.53      ]]))
(array([[23.65999691, 25.18999566, 14.9178    ]]), array([[11.91999691, 25.18999566, 14.9178    ]]))
(array([[23.65999691, 22.30999566, 14.9178    ]]), array([[11.91999691, 22.30999566, 14.9178    ]]))
(array([[23.65999691, 19.42999566, 14.9178    ]]), array([[11.91999691, 19.42999566, 14.9178    ]]))
(array([[23.65999691, 16.54999566, 14.9178    ]]), array([[11.91999691, 16.54999566, 14.9178    ]]))
(array([[25.08749702, 11.02999565,  8.52      ]]), array([[32.12749702, 11.02999565,  8.52      ]]))
(array([[ 5.01999702, 35.99249565,  8.477     ]]), array([[11.87999702, 35.99249565,  8.477     ]]))
(array([[12.05999702, 35.99249565,  8.477     ]]), array([[16.73999702, 35.99249565,  8.477     ]]))
(array([[16.89599702, 35.99249565,  8.477     ]]), array([[20.81101378, 35.99249565,  8.477     ]]))
(array([[ 4.97999702, 35.92499565,  8.53666667]]), array([[ 4.97999702, 31.66043087,  8.53666667]]))
(array([[ 4.97999702, 24.69547125,  8.53666667]]), array([[ 4.97999702, 31.54043087,  8.53666667]]))
(array([[ 4.97999702, 24.43047125,  8.53666667]]), array([[ 4.97999702, 16.525     ,  8.53666667]]))
(array([[10.22499697, 16.43752217, 12.27666667]]), array([[11.84499691, 16.43752217, 12.27666667]]))
(array([[10.29999849, 16.815     ,  3.79      ]]), array([[16.70499849, 16.815     ,  3.79      ]]))
(array([[20.77499702, 24.50499565,  3.86      ]]), array([[20.77499702, 19.60999565,  3.86      ]]))
(array([[20.77499702, 31.50447546,  3.86      ]]), array([[20.77499702, 24.69547546,  3.86      ]]))
(array([[20.77499702, 24.53947546,  8.58      ]]), array([[20.77499702, 19.18547546,  8.58      ]]))
(array([[20.77499702, 24.73495528,  8.58      ]]), array([[20.77499702, 31.52495528,  8.58      ]]))
(array([[30.60249702, 19.72499565,  8.55666667]]), array([[30.60249702, 16.27495528,  8.55666667]]))
(array([[12.26499851, 16.815     ,  8.58      ]]), array([[16.81999851, 16.815     ,  8.58      ]]))
(array([[16.94049851, 13.43249566,  8.58      ]]), array([[23.48449851, 13.43249566,  8.58      ]]))
(array([[23.78499702, 31.61245528, 12.27666667]]), array([[25.30499706, 31.61245528, 12.27666667]]))
(array([[30.60249702, 13.19999566,  8.55666667]]), array([[30.60249702, 11.02999565,  8.55666667]]))
(array([[30.60249702, 10.95499565,  8.55666667]]), array([[30.60249702,  8.125     ,  8.55666667]]))
(array([[30.60249702, 16.19995528,  8.55666667]]), array([[30.60249702, 13.19999566,  8.55666667]]))
(array([[ 4.97999691,  9.98951326, 12.5       ]]), array([[ 4.97999691,  8.17951326, 12.5       ]]))
(array([[30.59999691,  8.10294419, 12.28833444]]), array([[30.59999691, 10.53364965, 15.98833444]]))
(array([[10.20749691, 10.01732435, 14.132     ]]), array([[13.79249691, 10.01732435, 14.132     ]]))
(array([[ 4.97999691, 36.00000435, 15.925     ]]), array([[ 4.97999691, 36.00000435, 12.58      ]]))
(array([[ 3.26749691, 31.60000435, 14.2525    ]]), array([[ 6.69249691, 31.60000435, 14.2525    ]]))
(array([[ 5.99999691, 31.60000435, 15.925     ]]), array([[ 5.99999691, 31.60000435, 12.34      ]]))
(array([[10.20749691, 31.60000435, 14.1325    ]]), array([[13.79249691, 31.60000435, 14.1325    ]]))
(array([[23.57999691, 31.60000435, 15.9245    ]]), array([[23.57999691, 31.60000435, 12.3395    ]]))
(array([[28.92749691, 36.00000435, 14.2525    ]]), array([[32.27249691, 36.00000435, 14.2525    ]]))
(array([[ 5.05999691, 31.60000435, 16.005     ]]), array([[11.91999691, 31.60000435, 16.005     ]]))
(array([[ 4.89999691, 36.00000435, 12.5       ]]), array([[30.67999691, 36.00000435, 12.5       ]]))
(array([[30.67999691, 36.00000435, 16.005     ]]), array([[ 4.89999691, 36.00000435, 16.005     ]]))
(array([[ 5.00549696, 31.60000435, 12.2375    ]]), array([[11.84449696, 31.60000435, 12.2375    ]]))
(array([[30.59999691, 13.11812804, 12.45866094]]), array([[30.59999691, 15.42808363, 16.03800518]]))
(array([[30.59999691, 34.37345734, 12.20149767]]), array([[30.59999691, 36.17136974, 15.68149767]]))
(array([[16.79999691, 36.00000435, 15.925     ]]), array([[16.79999691, 36.00000435, 12.58      ]]))
(array([[25.70697691, 36.00000435, 14.2525    ]]), array([[29.06497691, 36.00000435, 14.2525    ]]))
(array([[23.31417223, 36.00000435, 14.2525    ]]), array([[26.65917223, 36.00000435, 14.2525    ]]))
(array([[ 5.76367691, 36.00000435, 14.2525    ]]), array([[ 9.10867691, 36.00000435, 14.2525    ]]))
(array([[ 5.02013191, 36.00000435, 14.40196   ]]), array([[ 7.39613191, 36.00000435, 14.40196   ]]))
(array([[ 4.81121593, 36.00000435, 14.51312338]]), array([[ 7.26689318, 36.00000435, 16.09116338]]))
(array([[ 8.18786691, 36.00000435, 14.2525    ]]), array([[11.61286691, 36.00000435, 14.2525    ]]))
(array([[ 9.78716691, 36.00000435, 14.2525    ]]), array([[13.21216691, 36.00000435, 14.2525    ]]))
(array([[ 7.43293615, 36.00000435, 14.40159112]]), array([[ 9.89693002, 36.00000435, 15.97963112]]))
(array([[ 9.90051691, 36.00000435, 13.91032   ]]), array([[11.49951691, 36.00000435, 13.91032   ]]))
(array([[ 7.4481497 , 36.00000435, 12.50917345]]), array([[ 9.9120731 , 36.00000435, 13.91949345]]))
(array([[ 9.90057624, 36.00000435, 12.5       ]]), array([[11.49945757, 36.00000435, 13.91032   ]]))
(array([[12.43749691, 36.00000435, 14.2525    ]]), array([[15.86249691, 36.00000435, 14.2525    ]]))
(array([[21.59999691, 36.00000435, 15.925     ]]), array([[21.59999691, 36.00000435, 12.58      ]]))
(array([[28.85999691, 34.20000435, 14.2525    ]]), array([[32.33999691, 34.20000435, 14.2525    ]]))
(array([[30.59999691, 35.91950435, 16.005     ]]), array([[30.59999691, 34.11950435, 16.005     ]]))
(array([[30.59999691, 35.91950435, 12.5       ]]), array([[30.59999691, 34.11950435, 12.5       ]]))
(array([[30.59999691, 29.98000435, 15.925     ]]), array([[30.59999691, 29.98000435, 12.42      ]]))
(array([[30.59999691,  8.10000435, 15.925     ]]), array([[30.59999691,  8.10000435, 12.36      ]]))
(array([[11.49137163, 36.00000435, 13.90138777]]), array([[14.14079962, 36.00000435, 15.97106777]]))
(array([[11.70452161, 36.00000435, 12.39853922]]), array([[14.35461623, 36.00000435, 13.80885922]]))
(array([[15.47182401, 34.67510095, 12.50833333]]), array([[15.47182401, 37.32490774, 15.98833333]]))
(array([[19.19999691, 36.00000435, 15.925     ]]), array([[19.19999691, 36.00000435, 12.58      ]]))
(array([[18.00287047, 34.80030345, 12.50833333]]), array([[18.00287047, 37.19970525, 15.98833333]]))
(array([[20.40287047, 34.80030345, 12.50833333]]), array([[20.40287047, 37.19970525, 15.98833333]]))
(array([[27.37248916, 36.00000435, 14.10019655]]), array([[30.58602476, 36.00000435, 15.97014655]]))
(array([[25.0667484 , 36.00000435, 14.11005   ]]), array([[27.3057484 , 36.00000435, 14.11005   ]]))
(array([[30.59999691,  8.02000435, 16.005     ]]), array([[30.59999691, 30.06000435, 16.005     ]]))
(array([[30.59999691,  8.02025   , 12.28      ]]), array([[30.59999691, 13.22725   , 12.28      ]]))
(array([[23.57999691, 24.56000435, 14.638     ]]), array([[23.57999691, 22.61500435, 14.638     ]]))
(array([[21.78749691,  8.10000435, 14.1325    ]]), array([[25.37249691,  8.10000435, 14.1325    ]]))
(array([[23.57999691,  8.18050217, 15.525     ]]), array([[23.57999691, 10.49950217, 15.525     ]]))
(array([[23.57999691, 11.1564204 , 12.8597069 ]]), array([[23.57999691, 11.1564204 , 12.8597069 ]]))
(array([[23.57999691, 12.22683435, 14.638     ]]), array([[23.57999691, 13.11983435, 14.638     ]]))
(array([[23.57999691, 10.66033217, 14.638     ]]), array([[23.57999691, 12.06633217, 14.638     ]]))
(array([[23.57999691, 10.55836639, 14.5198596 ]]), array([[23.57999691, 12.36746761, 15.54425884]]))
(array([[23.57999691, 10.61415984, 12.89387733]]), array([[23.57999691, 12.11250451, 14.59912314]]))
(array([[11.99999691, 31.68000435, 12.2375    ]]), array([[11.99999691,  8.02000435, 12.2375    ]]))
(array([[11.99999691, 31.52000435, 14.638     ]]), array([[11.99999691, 29.93000435, 14.638     ]]))
(array([[11.99999691, 29.85000435, 15.925     ]]), array([[11.99999691, 29.85000435, 12.34      ]]))
(array([[11.99999691, 29.85044446, 12.26      ]]), array([[11.99999691, 31.59956424, 14.638     ]]))
(array([[11.99999691, 29.85564338, 14.64633333]]), array([[11.99999691, 31.60523218, 15.98833333]]))
(array([[23.57999691, 31.52000435, 14.638     ]]), array([[23.57999691, 29.93000435, 14.638     ]]))
(array([[11.99999691, 28.10000435, 12.3275    ]]), array([[11.99999691, 28.10000435, 15.9375    ]]))
(array([[11.99999691, 28.10044446, 12.26      ]]), array([[11.99999691, 29.84956424, 14.638     ]]))
(array([[11.99999691, 26.35044446, 12.26      ]]), array([[11.99999691, 28.09956424, 14.638     ]]))
(array([[23.57999691, 29.85000435, 15.925     ]]), array([[23.57999691, 29.85000435, 12.34      ]]))
(array([[11.99999691, 26.35000435, 15.925     ]]), array([[11.99999691, 26.35000435, 12.34      ]]))
(array([[11.99999691, 24.60044446, 12.26      ]]), array([[11.99999691, 26.34956424, 14.638     ]]))
(array([[23.57999691, 29.85044446, 12.26      ]]), array([[23.57999691, 31.59956424, 14.638     ]]))
(array([[25.00512882, 36.00000435, 12.51238373]]), array([[27.36752187, 36.00000435, 14.09766732]]))
(array([[23.28667223, 36.00000435, 15.925     ]]), array([[23.28667223, 36.00000435, 12.58      ]]))
(array([[24.14399535, 35.15014907, 14.09741763]]), array([[24.14399535, 36.84985963, 15.96736763]]))
(array([[24.00421661, 35.15029557, 12.3753976 ]]), array([[24.00421661, 36.84971312, 13.9854476 ]]))
(array([[22.44535405, 35.1569016 , 12.50833333]]), array([[22.44535405, 36.8431071 , 15.98833333]]))
(array([[27.64415128, 36.00000435, 12.37886196]]), array([[30.85733895, 36.00000435, 13.98891196]]))
(array([[ 7.43656231, 36.00000435, 13.91032   ]]), array([[ 9.8999815 , 36.00000435, 14.40196   ]]))
(array([[23.57999691, 29.85564338, 14.64633333]]), array([[23.57999691, 31.60523218, 15.98833333]]))
(array([[23.57999691, 28.10000435, 12.34      ]]), array([[23.57999691, 28.10000435, 15.925     ]]))
(array([[23.57999691, 28.10044446, 12.26      ]]), array([[23.57999691, 29.84956424, 14.638     ]]))
(array([[23.57999691, 26.35044446, 12.26      ]]), array([[23.57999691, 28.09956424, 14.638     ]]))
(array([[23.57999691, 26.35000435, 15.925     ]]), array([[23.57999691, 26.35000435, 12.34      ]]))
(array([[23.57999691, 24.60044446, 12.26      ]]), array([[23.57999691, 26.34956424, 14.638     ]]))
(array([[11.99999691, 24.52000435, 14.638     ]]), array([[11.99999691, 22.65500435, 14.638     ]]))
(array([[10.19499691, 20.55000435, 14.13875   ]]), array([[13.80499691, 20.55000435, 14.13875   ]]))
(array([[23.57999691, 24.60000435, 15.925     ]]), array([[23.57999691, 24.60000435, 12.34      ]]))
(array([[21.78749691, 13.20000435, 14.1325    ]]), array([[25.37249691, 13.20000435, 14.1325    ]]))
(array([[11.99999691, 22.57500435, 12.34      ]]), array([[11.99999691, 22.57500435, 15.925     ]]))
(array([[10.20749691, 18.52500435, 14.1325    ]]), array([[13.79249691, 18.52500435, 14.1325    ]]))
(array([[10.20749691,  8.10000435, 14.1325    ]]), array([[13.79249691,  8.10000435, 14.1325    ]]))
(array([[11.99999691, 24.60000435, 15.925     ]]), array([[11.99999691, 24.60000435, 12.34      ]]))
(array([[10.20749691, 13.20000435, 14.132     ]]), array([[13.79249691, 13.20000435, 14.132     ]]))
(array([[11.99999691, 16.50000435, 15.925     ]]), array([[11.99999691, 16.50000435, 12.34      ]]))
(array([[23.49999691, 13.20000435, 16.005     ]]), array([[12.07999691, 13.20000435, 16.005     ]]))
(array([[23.49999691, 13.20000435, 12.2375    ]]), array([[12.07999691, 13.20000435, 12.2375    ]]))
(array([[ 5.05999691, 31.60000435, 15.23      ]]), array([[ 5.91999691, 31.60000435, 15.23      ]]))
(array([[ 4.98569887, 31.60000435, 15.23833333]]), array([[ 6.00562828, 31.60000435, 15.98833333]]))
(array([[ 6.08007636, 31.59999317, 15.23      ]]), array([[ 7.69307636, 31.59999317, 15.23      ]]))
(array([[ 6.88658095, 30.71346881, 12.26000031]]), array([[ 6.88658095, 32.48653988, 15.23000031]]))
(array([[ 8.65972797, 30.71344645, 12.25999969]]), array([[ 8.65972797, 32.48651752, 15.22999969]]))
(array([[ 5.9902775 , 31.59999329, 15.23833311]]), array([[ 7.76316357, 31.59999329, 15.98833311]]))
(array([[23.65999691,  8.10000435, 16.005     ]]), array([[30.51999691,  8.10000435, 16.005     ]]))
(array([[ 4.89999691,  8.10000435, 12.5       ]]), array([[11.91999691,  8.10000435, 12.5       ]]))
(array([[11.91999691,  8.10000435, 16.005     ]]), array([[ 4.89999691,  8.10000435, 16.005     ]]))
(array([[ 4.97999691,  8.18051326, 16.005     ]]), array([[ 4.97999691,  9.99051326, 16.005     ]]))
(array([[ 4.97999691,  8.10000435, 12.58      ]]), array([[ 4.97999691,  8.10000435, 15.925     ]]))
(array([[23.55749691,  8.10000435, 14.2525    ]]), array([[26.98249691,  8.10000435, 14.2525    ]]))
(array([[23.65999691,  8.10000435, 12.5       ]]), array([[25.34999691,  8.10000435, 12.5       ]]))
(array([[25.34999691,  8.10000435, 13.78539973]]), array([[30.51999691,  8.10000435, 13.78539973]]))
(array([[ 7.78314354, 31.59999329, 15.23833356]]), array([[ 9.55602961, 31.59999329, 15.98833356]]))
(array([[ 3.26749691, 33.39995737, 14.25225   ]]), array([[ 6.69249691, 33.39995737, 14.25225   ]]))
(array([[ 4.97999691, 31.60048086, 13.78087299]]), array([[ 4.97999691, 33.39948086, 13.78087299]]))
(array([[ 4.97999691, 31.60011346, 12.5       ]]), array([[ 4.97999691, 33.39984826, 13.78087299]]))
(array([[ 4.97999691, 33.43996912, 13.78087299]]), array([[ 4.97999691, 35.95996912, 13.78087299]]))
(array([[ 4.97999691, 33.40019546, 12.5       ]]), array([[ 4.97999691, 35.99976626, 13.78087299]]))
(array([[ 9.54630823, 33.39247634, 14.13255399]]), array([[ 9.54630823, 29.80747634, 14.13244601]]))
(array([[ 9.62665257, 31.59998198, 15.23      ]]), array([[11.91965257, 31.59998198, 15.23      ]]))
(array([[10.87150977, 31.59999495, 15.2885756 ]]), array([[12.09726219, 31.59999495, 16.0385756 ]]))
(array([[ 9.56391101, 31.59999285, 15.23057303]]), array([[10.78966343, 31.59999285, 15.98057303]]))
(array([[11.99999691, 22.57529822, 12.26      ]]), array([[11.99999691, 24.59971048, 14.638     ]]))
(array([[11.99999691, 20.55029822, 12.26      ]]), array([[11.99999691, 22.57471048, 14.638     ]]))
(array([[11.99999691, 18.52529822, 12.26      ]]), array([[11.99999691, 20.54971048, 14.638     ]]))
(array([[11.99999691, 16.50029822, 12.26      ]]), array([[11.99999691, 18.52471048, 14.638     ]]))
(array([[11.99999691, 16.49390822, 14.64633333]]), array([[11.99999691, 18.51852596, 15.98833333]]))
(array([[23.57999691, 14.85000435, 12.34      ]]), array([[23.57999691, 14.85000435, 15.925     ]]))
(array([[23.57999691, 20.55000435, 15.925     ]]), array([[23.57999691, 20.55000435, 12.34      ]]))
(array([[23.57999691, 22.57500435, 12.34      ]]), array([[23.57999691, 22.57500435, 15.925     ]]))
(array([[23.57999691, 18.52500435, 12.34      ]]), array([[23.57999691, 18.52500435, 15.925     ]]))
(array([[23.57999691, 22.57529822, 12.26      ]]), array([[23.57999691, 24.59971048, 14.638     ]]))
(array([[23.57999691, 20.55029822, 12.26      ]]), array([[23.57999691, 22.57471048, 14.638     ]]))
(array([[23.57999691, 18.52529822, 12.26      ]]), array([[23.57999691, 20.54971048, 14.638     ]]))
(array([[23.57999691, 16.50029822, 12.26      ]]), array([[23.57999691, 18.52471048, 14.638     ]]))
(array([[11.99999691, 14.85000435, 12.34      ]]), array([[11.99999691, 14.85000435, 15.925     ]]))
(array([[23.57999691, 14.85032987, 12.26      ]]), array([[23.57999691, 16.49967883, 14.638     ]]))
(array([[23.57999691,  8.02050435, 16.005     ]]), array([[23.57999691, 31.68050435, 16.005     ]]))
(array([[23.57999691, 31.67950435, 12.2375    ]]), array([[23.57999691,  8.01950435, 12.2375    ]]))
(array([[23.57999691, 13.20032987, 12.26      ]]), array([[23.57999691, 14.84967883, 14.638     ]]))
(array([[23.57999691, 16.42000435, 14.638     ]]), array([[23.57999691, 14.93000435, 14.638     ]]))
(array([[23.57999691, 16.50000435, 15.925     ]]), array([[23.57999691, 16.50000435, 12.34      ]]))
(array([[23.57999691, 13.19542521, 14.64633333]]), array([[23.57999691, 14.84433758, 15.98833333]]))
(array([[14.31599691, 31.60000435, 15.925     ]]), array([[14.31599691, 31.60000435, 12.34      ]]))
(array([[16.63199691, 31.60000435, 15.925     ]]), array([[16.63199691, 31.60000435, 12.34      ]]))
(array([[11.99999691, 14.93000435, 14.638     ]]), array([[11.99999691, 16.42000435, 14.638     ]]))
(array([[11.99999691, 13.20032987, 12.26      ]]), array([[11.99999691, 14.84967883, 14.638     ]]))
(array([[11.99999691, 14.85032987, 12.26      ]]), array([[11.99999691, 16.49967883, 14.638     ]]))
(array([[18.94799691, 31.60000435, 15.925     ]]), array([[18.94799691, 31.60000435, 12.34      ]]))
(array([[21.26399691, 31.60000435, 15.925     ]]), array([[21.26399691, 31.60000435, 12.34      ]]))
(array([[22.42459099, 30.44204019, 12.26833333]]), array([[22.42459099, 32.75796851, 15.98833333]]))
(array([[13.15799691, 30.43990027, 12.2691204 ]]), array([[13.15799691, 32.76010842, 15.9958796 ]]))
(array([[15.47140282, 30.44204019, 12.26833333]]), array([[15.47140282, 32.75796851, 15.98833333]]))
(array([[20.10859099, 30.44204019, 12.26833333]]), array([[20.10859099, 32.75796851, 15.98833333]]))
(array([[17.78740282, 30.44204019, 12.26833333]]), array([[17.78740282, 32.75796851, 15.98833333]]))
(array([[ 4.97999691, 35.91997981, 12.5       ]]), array([[ 4.97999691, 16.60897981, 12.5       ]]))
(array([[ 4.97999691, 26.93636401, 12.50437496]]), array([[ 4.97999691, 29.26364469, 16.00062504]]))
(array([[ 4.97999691, 29.27022823, 12.50833333]]), array([[ 4.97999691, 31.60203461, 15.98833333]]))
(array([[11.99999691, 11.55032987, 12.26      ]]), array([[11.99999691, 13.19967883, 14.638     ]]))
(array([[11.99999691,  8.10016435, 15.375     ]]), array([[11.99999691, 10.01716435, 15.375     ]]))
(array([[11.99999691,  9.99265499, 15.3633916 ]]), array([[11.99999691, 11.52451138, 15.9683916 ]]))
(array([[11.99999691, 11.55000435, 14.638     ]]), array([[11.99999691, 13.20000435, 14.638     ]]))
(array([[11.99999691, 10.10492261, 14.60436268]]), array([[11.99999691, 11.63685962, 15.34136268]]))
(array([[10.20749691, 11.55000435, 14.132     ]]), array([[13.79249691, 11.55000435, 14.132     ]]))
(array([[11.99999691, 10.01744685, 12.26      ]]), array([[11.99999691, 11.54988184, 14.638     ]]))
(array([[11.99999691,  8.11372962, 15.37924786]]), array([[11.99999691,  9.11147709, 16.00924786]]))
(array([[11.99999691,  9.00585161, 15.37924786]]), array([[11.99999691, 10.00359907, 16.00924786]]))
(array([[23.57999691, 12.14771186, 12.26      ]]), array([[23.57999691, 13.19895683, 14.638     ]]))
(array([[21.78749691, 12.14666435, 14.1325    ]]), array([[25.37249691, 12.14666435, 14.1325    ]]))
(array([[21.78749691, 10.58      , 14.1325    ]]), array([[25.37249691, 10.58      , 14.1325    ]]))
(array([[23.57999691,  8.07255409, 15.51583327]]), array([[23.57999691,  9.30900933, 15.99484729]]))
(array([[23.57999691,  9.38442951, 15.47918811]]), array([[23.57999691, 10.72356752, 15.99765256]]))
(array([[25.18999691,  8.10000435, 13.78539973]]), array([[23.65999691,  8.10000435, 13.78539973]]))
(array([[24.25929667,  7.2557457 , 13.98019727]]), array([[24.25929667,  8.944263  , 16.17479754]]))
(array([[23.41704458,  8.10000435, 12.60590215]]), array([[25.10668257,  8.10000435, 13.89130189]]))
(array([[25.29180939,  8.10000435, 13.7827532 ]]), array([[27.95639822,  8.10000435, 15.97735347]]))
(array([[27.93805044,  8.10000435, 13.7946134 ]]), array([[30.60263927,  8.10000435, 15.98921367]]))
(array([[30.59999691, 15.39631803, 12.50833333]]), array([[30.59999691, 17.82729006, 15.98833333]]))
(array([[30.59999691, 17.82742915, 12.50833333]]), array([[30.59999691, 20.25840117, 15.98833333]]))
(array([[30.59999691, 10.5580014 , 12.29670277]]), array([[30.59999691, 11.85644673, 13.38622777]]))
(array([[30.59999691, 20.25854026, 12.50833333]]), array([[30.59999691, 22.68951228, 15.98833333]]))
(array([[30.59999691, 22.68965137, 12.50833333]]), array([[30.59999691, 25.1206234 , 15.98833333]]))
(array([[30.59999691, 25.12076248, 12.50833333]]), array([[30.59999691, 27.55173451, 15.98833333]]))
(array([[28.92099691, 15.39333768, 14.2525    ]]), array([[32.27899691, 15.39333768, 14.2525    ]]))
(array([[30.59999542, 27.55250364, 12.74343486]]), array([[30.59999542, 29.98263736, 15.98833333]]))
(array([[28.92099691, 17.82444879, 14.2525    ]]), array([[32.27899691, 17.82444879, 14.2525    ]]))
(array([[28.81749691, 13.14749566, 14.1425    ]]), array([[32.38249691, 13.14749566, 14.1425    ]]))
(array([[28.81749691, 10.53111546, 14.1425    ]]), array([[32.38249691, 10.53111546, 14.1425    ]]))
(array([[28.92099691, 20.2555599 , 14.2525    ]]), array([[32.27899691, 20.2555599 , 14.2525    ]]))
(array([[30.59999691, 22.68667101, 15.925     ]]), array([[30.59999691, 22.68667101, 12.58      ]]))
(array([[30.59999691, 25.11778212, 15.925     ]]), array([[30.59999691, 25.11778212, 12.58      ]]))
(array([[30.59999691, 27.54889323, 15.925     ]]), array([[30.59999691, 27.54889323, 12.58      ]]))
(array([[30.59999691, 10.61130556, 14.98098   ]]), array([[30.59999691, 13.06730556, 14.98098   ]]))
(array([[30.59999691, 10.57121023, 13.38050615]]), array([[30.59999691, 13.10721023, 13.38050615]]))
(array([[30.59999691, 11.93107778, 12.19859395]]), array([[30.59999691, 13.24728387, 13.30584349]]))
(array([[30.59999691, 10.52750434, 14.96306712]]), array([[30.59999691, 11.87859046, 15.99484534]]))
(array([[30.59999691, 11.80338593, 14.96282557]]), array([[30.59999691, 13.41127066, 16.14381317]]))
(array([[11.99999691,  8.02000435, 16.005     ]]), array([[11.99999691, 31.68000435, 16.005     ]]))
(array([[30.59999392, 27.62894879, 12.73510153]]), array([[30.59999392, 29.89994879, 12.73510153]]))
(array([[14.31599691, 13.20000435, 15.9245    ]]), array([[14.31599691, 13.20000435, 12.3395    ]]))
(array([[16.63199691, 13.20000435, 15.9245    ]]), array([[16.63199691, 13.20000435, 12.3395    ]]))
(array([[18.94799691, 13.20000435, 15.9245    ]]), array([[18.94799691, 13.20000435, 12.3395    ]]))
(array([[21.26399691, 13.20000435, 15.9245    ]]), array([[21.26399691, 13.20000435, 12.3395    ]]))
(array([[22.26941184, 12.06747057, 12.06992492]]), array([[22.26941184, 14.33253812, 15.68492492]]))
(array([[13.15799691, 12.03990027, 12.2691204 ]]), array([[13.15799691, 14.36010842, 15.9958796 ]]))
(array([[15.47140282, 12.04204019, 12.26833333]]), array([[15.47140282, 14.35796851, 15.98833333]]))
(array([[20.10859099, 12.04204019, 12.26833333]]), array([[20.10859099, 14.35796851, 15.98833333]]))
(array([[17.78740282, 12.04204019, 12.26833333]]), array([[17.78740282, 14.35796851, 15.98833333]]))
(array([[ 7.98840691,  8.10000435, 14.2525    ]]), array([[11.41340691,  8.10000435, 14.2525    ]]))
(array([[ 5.56658691,  8.10000435, 14.2525    ]]), array([[ 8.99158691,  8.10000435, 14.2525    ]]))
(array([[ 9.70506271,  8.10000435, 14.96251262]]), array([[12.00372647,  8.10000435, 15.96060126]]))
(array([[ 7.2692071 ,  8.10000435, 14.9902447 ]]), array([[ 9.69056624,  8.10000435, 15.98833333]]))
(array([[ 4.97999691,  8.08081002, 12.4656615 ]]), array([[ 4.97999691,  9.93355083, 16.03100517]]))
(array([[ 7.27949691,  8.10000435, 14.98191137]]), array([[ 9.70049691,  8.10000435, 14.98191137]]))
(array([[11.06790604,  6.95056916, 12.29365416]]), array([[11.06790604,  9.24943953, 14.77556553]]))
(array([[ 3.23999691, 24.60000435, 14.2525    ]]), array([[ 6.71999691, 24.60000435, 14.2525    ]]))
(array([[ 4.97167659,  8.10000435, 14.93732666]]), array([[ 7.35010778,  8.10000435, 15.97014516]]))
(array([[ 6.13777716,  6.95056916, 12.51778023]]), array([[ 6.13777716,  9.24943953, 14.99969159]]))
(array([[ 4.97999691, 35.91997981, 16.005     ]]), array([[ 4.97999691, 16.60897981, 16.005     ]]))
(array([[ 3.23999691, 26.93333768, 14.2525    ]]), array([[ 6.71999691, 26.93333768, 14.2525    ]]))
(array([[ 4.97999691, 24.59797408, 12.50833333]]), array([[ 4.97999691, 26.92978046, 15.98833333]]))
(array([[ 4.97999691, 29.26667101, 15.925     ]]), array([[ 4.97999691, 29.26667101, 12.58      ]]))
(array([[ 4.97999691, 19.19725167, 12.50833333]]), array([[ 4.97999691, 21.8962915 , 15.98833333]]))
(array([[ 4.97999691, 16.65332429, 12.46242288]]), array([[ 4.97999691, 19.22962229, 16.03424379]]))
(array([[ 3.23999691, 21.90000435, 14.2525    ]]), array([[ 6.71999691, 21.90000435, 14.2525    ]]))
(array([[ 4.97999691, 21.90371719, 12.50833333]]), array([[ 4.97999691, 24.60275702, 15.98833333]]))
(array([[ 3.23999691, 19.20000435, 14.2525    ]]), array([[ 6.71999691, 19.20000435, 14.2525    ]]))
(array([[23.57999691,  9.43272314, 12.29607236]]), array([[23.57999691, 10.6723197 , 12.89107266]]))
(array([[23.57999691,  8.00768355, 12.29607231]]), array([[23.57999691,  9.24728156, 12.89106958]]))
(array([[ 3.30749691, 16.68895528, 14.2525    ]]), array([[ 6.65249691, 16.68895528, 14.2525    ]]))
(array([[ 4.97999691,  9.91002217, 12.58      ]]), array([[ 4.97999691,  9.91002217, 15.925     ]]))
(array([[ 5.03499702, 24.59995528, 12.212     ]]), array([[11.87499691, 24.59995528, 12.212     ]]))
(array([[11.99999691, 13.28000435, 14.638     ]]), array([[11.99999691, 14.77000435, 14.638     ]]))
(array([[ 7.85323202, 31.5999708 , 15.23      ]]), array([[ 9.46623202, 31.5999708 , 15.23      ]]))
(array([[ 7.7731558 , 31.60000435, 15.925     ]]), array([[ 7.7731558 , 31.60000435, 12.34      ]]))
(array([[12.07999691, 31.60000435, 12.2375    ]]), array([[23.49999691, 31.60000435, 12.2375    ]]))
(array([[12.07999691, 31.60000435, 16.005     ]]), array([[23.49999691, 31.60000435, 16.005     ]]))
(array([[23.69506808, 31.60000435, 16.005     ]]), array([[25.40906808, 31.60000435, 16.005     ]]))
(array([[23.57999691, 29.77000435, 14.638     ]]), array([[23.57999691, 28.18000435, 14.638     ]]))
(array([[23.57999691, 28.02000435, 14.638     ]]), array([[23.57999691, 26.43000435, 14.638     ]]))
(array([[23.57999691, 26.31000435, 14.638     ]]), array([[23.57999691, 24.64000435, 14.638     ]]))
(array([[11.99999691, 29.77000435, 14.638     ]]), array([[11.99999691, 28.18000435, 14.638     ]]))
(array([[11.99999691, 28.02000435, 14.638     ]]), array([[11.99999691, 26.43000435, 14.638     ]]))
(array([[11.99999691, 26.26950435, 14.638     ]]), array([[11.99999691, 24.67950435, 14.638     ]]))
(array([[11.99999691, 22.49500435, 14.638     ]]), array([[11.99999691, 20.63000435, 14.638     ]]))
(array([[11.99999691, 20.47000435, 14.638     ]]), array([[11.99999691, 18.60500435, 14.638     ]]))
(array([[11.99999691, 18.44500435, 14.638     ]]), array([[11.99999691, 16.58000435, 14.638     ]]))
(array([[23.57999691, 13.24000435, 14.638     ]]), array([[23.57999691, 14.81000435, 14.638     ]]))
(array([[23.57999691, 18.44500435, 14.638     ]]), array([[23.57999691, 16.58000435, 14.638     ]]))
(array([[23.57999691, 20.51000435, 14.638     ]]), array([[23.57999691, 18.56500435, 14.638     ]]))
(array([[23.57999691, 22.57500435, 14.638     ]]), array([[23.57999691, 20.55000435, 14.638     ]]))
(array([[30.59999691, 13.22769445, 12.5       ]]), array([[30.59999691, 27.62869445, 12.5       ]]))
(array([[10.13249697,  3.375     ,  3.76666667]]), array([[10.13249697,  7.92      ,  3.76666667]]))
(array([[1.62500000e+00, 8.45677695e-18, 8.17000000e+00]]), array([[2.22500000e+00, 8.45677695e-18, 8.17000000e+00]]))
(array([[-8.45677695e-18,  9.10000000e+00,  8.17000000e+00]]), array([[-8.45677695e-18,  9.70000000e+00,  8.17000000e+00]]))
(array([[23.49999691,  8.185     , 16.005     ]]), array([[12.07999691,  8.185     , 16.005     ]]))
(array([[23.49999691, 12.62000435, 16.005     ]]), array([[12.07999691, 12.62000435, 16.005     ]]))
(array([[14.31599691, 12.70000435, 16.005     ]]), array([[14.31599691, 13.12000435, 16.005     ]]))
(array([[16.63199691, 12.70000435, 16.005     ]]), array([[16.63199691, 13.12000435, 16.005     ]]))
(array([[18.94799691, 12.70000435, 16.005     ]]), array([[18.94799691, 13.12000435, 16.005     ]]))
(array([[21.26399691, 12.70000435, 16.005     ]]), array([[21.26399691, 13.12000435, 16.005     ]]))
(array([[12.04699691, 12.91000435, 16.005     ]]), array([[14.26899691, 12.91000435, 16.005     ]]))
(array([[14.36299691, 12.91000435, 16.005     ]]), array([[16.58499691, 12.91000435, 16.005     ]]))
(array([[16.67899691, 12.91000435, 16.005     ]]), array([[18.90099691, 12.91000435, 16.005     ]]))
(array([[18.99499691, 12.91000435, 16.005     ]]), array([[21.21699691, 12.91000435, 16.005     ]]))
(array([[21.31099691, 12.91000435, 16.005     ]]), array([[23.53299691, 12.91000435, 16.005     ]]))
(array([[16.94049851, 10.88      ,  8.58      ]]), array([[23.48449851, 10.88      ,  8.58      ]]))
(array([[16.97749702, 33.09163768, 16.12833333]]), array([[18.47749702, 33.09163768, 16.12833333]]))
(array([[16.93862202, 31.68000435, 16.175     ]]), array([[16.93862202, 35.92000435, 16.175     ]]))
(array([[18.51637202, 31.68000435, 16.175     ]]), array([[18.51637202, 35.92000435, 16.175     ]]))
(array([[16.97749702, 33.95837101, 16.12833333]]), array([[18.47749702, 33.95837101, 16.12833333]]))
(array([[21.3355, 16.26  ,  3.89  ]]), array([[16.9805, 16.26  ,  3.89  ]]))
(array([[21.3355    , 14.72454644,  3.89      ]]), array([[16.9805    , 14.72454644,  3.89      ]]))
(array([[17.5485    , 14.31877322,  3.91      ]]), array([[17.5485    , 16.67077322,  3.91      ]]))
(array([[17.03      , 16.25454644,  3.91      ]]), array([[17.03      , 14.72954644,  3.91      ]]))
(array([[19.162     , 16.25454644,  3.91      ]]), array([[19.162     , 14.72954644,  3.91      ]]))
(array([[18.067     , 16.25454644,  3.91      ]]), array([[18.067     , 14.72954644,  3.91      ]]))
(array([[20.257     , 16.25454644,  3.91      ]]), array([[20.257     , 14.72954644,  3.91      ]]))
(array([[18.6145    , 14.31604644,  3.91      ]]), array([[18.6145    , 16.66804644,  3.91      ]]))
(array([[19.7095    , 14.31604644,  3.91      ]]), array([[19.7095    , 16.66804644,  3.91      ]]))
(array([[20.77099851, 14.35254644,  3.91      ]]), array([[20.77099851, 16.63154644,  3.91      ]]))
(array([[21.28499702, 16.25454644,  3.91      ]]), array([[21.28499702, 14.72954644,  3.91      ]]))
(array([[20.71139691, 34.58187065,  3.81      ]]), array([[ 4.80639691, 34.58187065,  3.81      ]]))
(array([[ 7.19999702, 32.97899565,  3.91      ]]), array([[ 7.19999702, 34.51999565,  3.91      ]]))
(array([[ 7.79999702, 32.57399565,  3.91      ]]), array([[ 7.79999702, 34.92599565,  3.91      ]]))
(array([[20.71139691, 32.91812065,  3.81      ]]), array([[ 4.80639691, 32.91812065,  3.81      ]]))
(array([[16.79999702, 32.97899565,  3.86      ]]), array([[16.79999702, 34.52099565,  3.86      ]]))
(array([[ 8.39999702, 32.97899565,  3.91      ]]), array([[ 8.39999702, 34.51999565,  3.91      ]]))
(array([[ 9.59999702, 32.97899565,  3.91      ]]), array([[ 9.59999702, 34.51999565,  3.91      ]]))
(array([[10.79999702, 32.97899565,  3.91      ]]), array([[10.79999702, 34.51999565,  3.91      ]]))
(array([[13.19999702, 32.97899565,  3.91      ]]), array([[13.19999702, 34.51999565,  3.91      ]]))
(array([[14.39999702, 32.97899565,  3.91      ]]), array([[14.39999702, 34.51999565,  3.91      ]]))
(array([[15.59999702, 32.97899565,  3.91      ]]), array([[15.59999702, 34.52099565,  3.91      ]]))
(array([[17.99999702, 32.97899565,  3.91      ]]), array([[17.99999702, 34.52099565,  3.91      ]]))
(array([[19.19999702, 32.97899565,  3.91      ]]), array([[19.19999702, 34.52099565,  3.91      ]]))
(array([[20.39999702, 32.97899565,  3.91      ]]), array([[20.39999702, 34.52099565,  3.91      ]]))
(array([[ 8.99999702, 32.57399565,  3.91      ]]), array([[ 8.99999702, 34.92599565,  3.91      ]]))
(array([[10.19999702, 32.57399565,  3.91      ]]), array([[10.19999702, 34.92599565,  3.91      ]]))
(array([[11.37687681, 32.54456648,  3.91188684]]), array([[11.37687681, 34.89656648,  3.91188684]]))
(array([[12.62311722, 32.60342483,  3.91188684]]), array([[12.62311722, 34.95542483,  3.91188684]]))
(array([[13.79999702, 32.57399565,  3.91      ]]), array([[13.79999702, 34.92599565,  3.91      ]]))
(array([[14.99999702, 32.57399565,  3.91      ]]), array([[14.99999702, 34.92599565,  3.91      ]]))
(array([[16.17687681, 32.54456648,  3.91188684]]), array([[16.17687681, 34.89656648,  3.91188684]]))
(array([[17.42311722, 32.60342483,  3.91188684]]), array([[17.42311722, 34.95542483,  3.91188684]]))
(array([[18.59999702, 32.57399565,  3.91      ]]), array([[18.59999702, 34.92599565,  3.91      ]]))
(array([[19.79999702, 32.57399565,  3.91      ]]), array([[19.79999702, 34.92599565,  3.91      ]]))
(array([[ 5.99999702, 35.48995528,  3.81      ]]), array([[ 5.99999702, 31.80995528,  3.81      ]]))
(array([[ 4.85539691, 32.97899565,  3.91      ]]), array([[ 4.85539691, 34.51999565,  3.91      ]]))
(array([[ 6.62853827, 32.61033118,  3.91165526]]), array([[ 6.62853827, 34.96233118,  3.91165526]]))
(array([[ 5.40064324, 32.53790029,  3.91165526]]), array([[ 5.40064324, 34.88990029,  3.91165526]]))
(array([[15.72,  7.53,  8.42]]), array([[16.82,  7.53,  8.42]]))
(array([[16.86,  7.49,  8.89]]), array([[16.86,  6.37,  8.89]]))
(array([[16.86,  6.29,  8.89]]), array([[16.86,  5.17,  8.89]]))
(array([[16.86,  5.09,  8.89]]), array([[16.86,  3.97,  8.89]]))
(array([[16.86,  7.49,  9.85]]), array([[16.86,  6.37,  9.85]]))
(array([[16.86,  6.29,  9.85]]), array([[16.86,  5.17,  9.85]]))
(array([[16.86,  5.09,  9.85]]), array([[16.86,  3.97,  9.85]]))
(array([[16.86,  3.89,  8.89]]), array([[16.86,  2.77,  8.89]]))
(array([[16.86,  3.89,  9.85]]), array([[16.86,  2.77,  9.85]]))
(array([[16.86,  2.69,  8.89]]), array([[16.86,  1.57,  8.89]]))
(array([[16.86,  2.69,  9.85]]), array([[16.86,  1.57,  9.85]]))
(array([[15.72,  6.33,  8.42]]), array([[16.82,  6.33,  8.42]]))
(array([[15.72,  5.13,  8.42]]), array([[16.82,  5.13,  8.42]]))
(array([[15.72,  3.93,  8.42]]), array([[16.82,  3.93,  8.42]]))
(array([[15.72,  1.53,  8.42]]), array([[16.82,  1.53,  8.42]]))
(array([[15.72,  0.54,  8.42]]), array([[16.82,  0.54,  8.42]]))
(array([[16.86,  1.49,  8.89]]), array([[16.86,  0.58,  8.89]]))
(array([[16.86,  1.49,  9.85]]), array([[16.86,  0.58,  9.85]]))
(array([[15.72,  2.73,  8.42]]), array([[16.82,  2.73,  8.42]]))
(array([[16.86, -0.06,  8.89]]), array([[16.86,  0.5 ,  8.89]]))
(array([[16.3 , -0.06,  8.89]]), array([[16.86, -0.06,  8.89]]))
(array([[15.1 , -0.06,  8.89]]), array([[16.22, -0.06,  8.89]]))
(array([[16.86, -0.06,  9.85]]), array([[16.86,  0.5 ,  9.85]]))
(array([[16.3 , -0.06,  9.85]]), array([[16.86, -0.06,  9.85]]))
(array([[15.1 , -0.06,  9.85]]), array([[16.22, -0.06,  9.85]]))
(array([[-0.06, -0.06,  8.89]]), array([[-0.06,  0.5 ,  8.89]]))
(array([[-0.06, -0.06,  8.89]]), array([[ 0.5 , -0.06,  8.89]]))
(array([[-0.06, -0.06,  9.85]]), array([[-0.06,  0.5 ,  9.85]]))
(array([[-0.06, -0.06,  9.85]]), array([[ 0.5 , -0.06,  9.85]]))
(array([[13.9 , -0.06,  8.89]]), array([[15.02, -0.06,  8.89]]))
(array([[13.9 , -0.06,  9.85]]), array([[15.02, -0.06,  9.85]]))
(array([[12.7 , -0.06,  8.89]]), array([[13.82, -0.06,  8.89]]))
(array([[12.7 , -0.06,  9.85]]), array([[13.82, -0.06,  9.85]]))
(array([[11.5 , -0.06,  8.89]]), array([[12.62, -0.06,  8.89]]))
(array([[11.5 , -0.06,  9.85]]), array([[12.62, -0.06,  9.85]]))
(array([[10.3 , -0.06,  8.89]]), array([[11.42, -0.06,  8.89]]))
(array([[10.3 , -0.06,  9.85]]), array([[11.42, -0.06,  9.85]]))
(array([[ 9.1 , -0.06,  8.89]]), array([[10.22, -0.06,  8.89]]))
(array([[ 9.1 , -0.06,  9.85]]), array([[10.22, -0.06,  9.85]]))
(array([[ 7.9 , -0.06,  8.89]]), array([[ 9.02, -0.06,  8.89]]))
(array([[ 7.9 , -0.06,  9.85]]), array([[ 9.02, -0.06,  9.85]]))
(array([[ 6.7 , -0.06,  8.89]]), array([[ 7.82, -0.06,  8.89]]))
(array([[ 6.7 , -0.06,  9.85]]), array([[ 7.82, -0.06,  9.85]]))
(array([[ 5.5 , -0.06,  8.89]]), array([[ 6.62, -0.06,  8.89]]))
(array([[ 5.5 , -0.06,  9.85]]), array([[ 6.62, -0.06,  9.85]]))
(array([[ 4.3 , -0.06,  8.89]]), array([[ 5.42, -0.06,  8.89]]))
(array([[ 4.3 , -0.06,  9.85]]), array([[ 5.42, -0.06,  9.85]]))
(array([[ 3.1 , -0.06,  8.89]]), array([[ 4.22, -0.06,  8.89]]))
(array([[ 3.1 , -0.06,  9.85]]), array([[ 4.22, -0.06,  9.85]]))
(array([[ 1.9 , -0.06,  8.89]]), array([[ 3.02, -0.06,  8.89]]))
(array([[ 1.9 , -0.06,  9.85]]), array([[ 3.02, -0.06,  9.85]]))
(array([[ 1.24, -0.06,  8.89]]), array([[ 1.82, -0.06,  8.89]]))
(array([[ 1.24, -0.06,  9.85]]), array([[ 1.82, -0.06,  9.85]]))
(array([[ 0.58, -0.06,  8.89]]), array([[ 1.16, -0.06,  8.89]]))
(array([[ 0.58, -0.06,  9.85]]), array([[ 1.16, -0.06,  9.85]]))
(array([[-0.06,  1.7 ,  8.89]]), array([[-0.06,  0.58,  8.89]]))
(array([[-0.06,  2.9 ,  8.89]]), array([[-0.06,  1.78,  8.89]]))
(array([[-0.06,  4.1 ,  8.89]]), array([[-0.06,  2.98,  8.89]]))
(array([[-0.06,  5.3 ,  8.89]]), array([[-0.06,  4.18,  8.89]]))
(array([[-0.06,  6.5 ,  8.89]]), array([[-0.06,  5.38,  8.89]]))
(array([[-0.06,  7.7 ,  8.89]]), array([[-0.06,  6.58,  8.89]]))
(array([[-0.06,  8.9 ,  8.89]]), array([[-0.06,  7.78,  8.89]]))
(array([[-0.06,  1.7 ,  9.85]]), array([[-0.06,  0.58,  9.85]]))
(array([[-0.06,  2.9 ,  9.85]]), array([[-0.06,  1.78,  9.85]]))
(array([[-0.06,  4.1 ,  9.85]]), array([[-0.06,  2.98,  9.85]]))
(array([[-0.06,  5.3 ,  9.85]]), array([[-0.06,  4.18,  9.85]]))
(array([[-0.06,  6.5 ,  9.85]]), array([[-0.06,  5.38,  9.85]]))
(array([[-0.06,  7.7 ,  9.85]]), array([[-0.06,  6.58,  9.85]]))
(array([[-0.06,  8.9 ,  9.85]]), array([[-0.06,  7.78,  9.85]]))
(array([[-0.06, 10.1 ,  8.89]]), array([[-0.06,  8.98,  8.89]]))
(array([[-0.06, 10.1 ,  9.85]]), array([[-0.06,  8.98,  9.85]]))
(array([[-0.06, 11.3 ,  8.89]]), array([[-0.06, 10.18,  8.89]]))
(array([[-0.06, 11.3 ,  9.85]]), array([[-0.06, 10.18,  9.85]]))
(array([[-0.06, 12.5 ,  8.89]]), array([[-0.06, 11.38,  8.89]]))
(array([[-0.06, 12.5 ,  9.85]]), array([[-0.06, 11.38,  9.85]]))
(array([[-0.06, 13.7 ,  8.89]]), array([[-0.06, 12.58,  8.89]]))
(array([[-0.06, 13.7 ,  9.85]]), array([[-0.06, 12.58,  9.85]]))
(array([[-0.06, 14.9 ,  8.89]]), array([[-0.06, 13.78,  8.89]]))
(array([[-0.06, 14.9 ,  9.85]]), array([[-0.06, 13.78,  9.85]]))
(array([[-0.06, 15.92,  8.89]]), array([[-0.06, 14.98,  8.89]]))
(array([[-0.06, 15.92,  9.85]]), array([[-0.06, 14.98,  9.85]]))
(array([[-0.06, 16.  ,  8.89]]), array([[-0.06, 16.56,  8.89]]))
(array([[-0.06, 16.56,  8.89]]), array([[ 0.5 , 16.56,  8.89]]))
(array([[-0.06, 16.  ,  9.85]]), array([[-0.06, 16.56,  9.85]]))
(array([[-0.06, 16.56,  9.85]]), array([[ 0.5 , 16.56,  9.85]]))
(array([[ 0.57999702, 16.56      ,  8.89      ]]), array([[ 1.23499702, 16.56      ,  8.89      ]]))
(array([[15.06,  1.08,  8.42]]), array([[15.06, -0.02,  8.42]]))
(array([[13.86,  1.08,  8.42]]), array([[13.86, -0.02,  8.42]]))
(array([[16.26,  1.08,  8.42]]), array([[16.26, -0.02,  8.42]]))
(array([[ 0.57999702, 16.56      ,  9.85      ]]), array([[ 1.23499702, 16.56      ,  9.85      ]]))
(array([[ 1.31499403, 16.56      ,  8.89      ]]), array([[ 1.96999403, 16.56      ,  8.89      ]]))
(array([[ 1.31499403, 16.56      ,  9.85      ]]), array([[ 1.96999403, 16.56      ,  9.85      ]]))
(array([[ 2.04999702, 16.56      ,  8.89      ]]), array([[ 3.16999702, 16.56      ,  8.89      ]]))
(array([[ 2.04999702, 16.56      ,  9.85      ]]), array([[ 3.16999702, 16.56      ,  9.85      ]]))
(array([[ 3.24999702, 16.56      ,  8.89      ]]), array([[ 4.36999702, 16.56      ,  8.89      ]]))
(array([[ 3.24999702, 16.56      ,  9.85      ]]), array([[ 4.36999702, 16.56      ,  9.85      ]]))
(array([[1.08, 2.94, 8.42]]), array([[-0.02,  2.94,  8.42]]))
(array([[1.08, 1.74, 8.42]]), array([[-0.02,  1.74,  8.42]]))
(array([[1.08, 0.54, 8.42]]), array([[-0.02,  0.54,  8.42]]))
(array([[1.08, 4.14, 8.42]]), array([[-0.02,  4.14,  8.42]]))
(array([[1.08, 5.34, 8.42]]), array([[-0.02,  5.34,  8.42]]))
(array([[1.08, 6.54, 8.42]]), array([[-0.02,  6.54,  8.42]]))
(array([[1.08, 7.74, 8.42]]), array([[-0.02,  7.74,  8.42]]))
(array([[1.08, 8.94, 8.42]]), array([[-0.02,  8.94,  8.42]]))
(array([[ 1.08, 10.14,  8.42]]), array([[-0.02, 10.14,  8.42]]))
(array([[ 1.08, 11.34,  8.42]]), array([[-0.02, 11.34,  8.42]]))
(array([[ 1.08, 12.54,  8.42]]), array([[-0.02, 12.54,  8.42]]))
(array([[ 1.08, 13.74,  8.42]]), array([[-0.02, 13.74,  8.42]]))
(array([[ 1.08, 14.94,  8.42]]), array([[-0.02, 14.94,  8.42]]))
(array([[ 1.08, 15.96,  8.42]]), array([[-0.02, 15.96,  8.42]]))
(array([[12.66,  1.08,  8.42]]), array([[12.66, -0.02,  8.42]]))
(array([[11.46,  1.08,  8.42]]), array([[11.46, -0.02,  8.42]]))
(array([[10.26,  1.08,  8.42]]), array([[10.26, -0.02,  8.42]]))
(array([[9.06, 1.08, 8.42]]), array([[ 9.06, -0.02,  8.42]]))
(array([[7.86, 1.08, 8.42]]), array([[ 7.86, -0.02,  8.42]]))
(array([[6.66, 1.08, 8.42]]), array([[ 6.66, -0.02,  8.42]]))
(array([[5.46, 1.08, 8.42]]), array([[ 5.46, -0.02,  8.42]]))
(array([[4.26, 1.08, 8.42]]), array([[ 4.26, -0.02,  8.42]]))
(array([[3.06, 1.08, 8.42]]), array([[ 3.06, -0.02,  8.42]]))
(array([[1.86, 1.08, 8.42]]), array([[ 1.86, -0.02,  8.42]]))
(array([[1.2 , 1.08, 8.42]]), array([[ 1.2 , -0.02,  8.42]]))
(array([[0.54, 1.08, 8.42]]), array([[ 0.54, -0.02,  8.42]]))
(array([[ 0.54, 16.52,  8.42]]), array([[ 0.54, 15.42,  8.42]]))
(array([[ 1.27499702, 16.52      ,  8.42      ]]), array([[ 1.27499702, 15.42      ,  8.42      ]]))
(array([[ 2.00999702, 16.52      ,  8.42      ]]), array([[ 2.00999702, 15.42      ,  8.42      ]]))
(array([[ 3.20999702, 16.52      ,  8.42      ]]), array([[ 3.20999702, 15.42      ,  8.42      ]]))
(array([[ 4.40999702, 16.52      ,  8.42      ]]), array([[ 4.40999702, 15.42      ,  8.42      ]]))
(array([[23.65999691, 30.94999566, 14.9178    ]]), array([[11.91999691, 30.94999566, 14.9178    ]]))
(array([[23.65999691, 13.66999566, 14.9178    ]]), array([[11.91999691, 13.66999566, 14.9178    ]]))
(array([[-0.30655745, 22.90525751, -0.27      ]]), array([[-0.30655745, 27.04525751, -0.27      ]]))
(array([[23.57999691,  9.17428789, 12.85499859]]), array([[23.57999691,  9.17428789, 12.85499859]]))
(array([[23.57999691, 10.52701943, 15.50216206]]), array([[23.57999691, 12.09311138, 15.98216206]]))
(array([[23.57999691, 11.10966196, 12.2948853 ]]), array([[23.57999691, 12.22599503, 12.88988571]]))
(array([[23.57999691, 10.57270656, 12.27480348]]), array([[23.57999691, 11.02269602, 12.86980389]]))
(array([[11.99999691, 10.09766435, 14.638     ]]), array([[11.99999691, 11.46966435, 14.638     ]]))
(array([[ 6.39299702, 10.21002217,  3.8       ]]), array([[ 6.39299702, 12.58002217,  3.8       ]]))
(array([[ 6.38099702, 11.02662217,  3.8       ]]), array([[ 5.09999702, 11.02662217,  3.8       ]]))
(array([[ 7.27299702, 10.21002217,  3.8       ]]), array([[ 7.27299702, 12.58002217,  3.8       ]]))
(array([[ 7.62799697, 10.21002217,  3.8       ]]), array([[ 7.62799697, 12.58002217,  3.8       ]]))
(array([[ 6.42499702, 11.02662217,  3.8       ]]), array([[ 7.24099702, 11.02662217,  3.8       ]]))
(array([[ 7.30549699, 11.02662217,  3.8       ]]), array([[ 7.59549699, 11.02662217,  3.8       ]]))
(array([[ 5.78599702, 11.41237217,  3.8       ]]), array([[ 6.36099702, 11.41237217,  3.8       ]]))
(array([[ 7.30549699, 11.41237217,  3.8       ]]), array([[ 7.59549699, 11.41237217,  3.8       ]]))
(array([[ 5.81799702, 11.05899717,  3.8       ]]), array([[ 5.81799702, 11.37999717,  3.8       ]]))
(array([[ 6.42499702, 11.41237217,  3.8       ]]), array([[ 7.24099702, 11.41237217,  3.8       ]]))
(array([[ 6.39299702, 10.99371131,  8.59      ]]), array([[ 6.39299702, 12.55971131,  8.59      ]]))
(array([[ 7.27099702, 10.9816077 ,  8.59      ]]), array([[ 5.09999702, 10.9816077 ,  8.59      ]]))
(array([[ 7.28299702, 10.21002217,  8.59      ]]), array([[ 7.28299702, 12.58002217,  8.59      ]]))
(array([[ 7.62799697, 10.21002217,  8.59      ]]), array([[ 7.62799697, 12.58002217,  8.59      ]]))
(array([[ 7.31549699, 10.9816077 ,  8.59      ]]), array([[ 7.59549699, 10.9816077 ,  8.59      ]]))
(array([[ 5.78599702, 11.41237217,  8.59      ]]), array([[ 6.36099702, 11.41237217,  8.59      ]]))
(array([[ 5.81799702, 11.01398993,  8.59      ]]), array([[ 5.81799702, 11.37998993,  8.59      ]]))
(array([[ 6.42499702, 11.41237217,  8.59      ]]), array([[ 7.25099702, 11.41237217,  8.59      ]]))
(array([[ 6.71799702, 10.23046131,  8.59      ]]), array([[ 6.71799702, 10.96946131,  8.59      ]]))
(array([[ 6.39299702, 10.99371131, 12.31      ]]), array([[ 6.39299702, 12.55971131, 12.31      ]]))
(array([[ 7.27099702, 10.9816077 , 12.31      ]]), array([[ 5.09999702, 10.9816077 , 12.31      ]]))
(array([[ 7.28299702, 10.21002217, 12.31      ]]), array([[ 7.28299702, 12.58002217, 12.31      ]]))
(array([[ 7.62799697, 10.21002217, 12.31      ]]), array([[ 7.62799697, 12.58002217, 12.31      ]]))
(array([[ 7.31549699, 10.9816077 , 12.31      ]]), array([[ 7.59549699, 10.9816077 , 12.31      ]]))
(array([[ 5.78599702, 11.41237217, 12.31      ]]), array([[ 6.36099702, 11.41237217, 12.31      ]]))
(array([[ 5.81799702, 11.01398993, 12.31      ]]), array([[ 5.81799702, 11.37998993, 12.31      ]]))
(array([[ 6.42499702, 11.41237217, 12.31      ]]), array([[ 7.25099702, 11.41237217, 12.31      ]]))
(array([[ 6.71799702, 10.23046131, 12.31      ]]), array([[ 6.71799702, 10.96946131, 12.31      ]]))
(array([[ 7.59574698, 11.41237217, 12.31      ]]), array([[ 7.31574698, 11.41237217, 12.31      ]]))
(array([[ 7.59574698, 11.41237217, 15.95      ]]), array([[ 7.31574698, 11.41237217, 15.95      ]]))
(array([[27.46407418, 27.49999565,  3.87      ]]), array([[27.46407418, 30.07999565,  3.87      ]]))
(array([[28.45967418, 27.49999565,  3.87      ]]), array([[28.45967418, 30.07999565,  3.87      ]]))
(array([[29.45967418, 27.49999565,  3.87      ]]), array([[29.45967418, 30.07999565,  3.87      ]]))
(array([[28.49167418, 28.10701394,  3.87      ]]), array([[29.42767418, 28.10701394,  3.87      ]]))
(array([[28.49167418, 29.05701394,  3.87      ]]), array([[29.42767418, 29.05701394,  3.87      ]]))
(array([[28.49167418, 30.00799565,  3.87      ]]), array([[29.42767418, 30.00799565,  3.87      ]]))
(array([[28.42737418, 28.10701394,  3.87      ]]), array([[27.49637418, 28.10701394,  3.87      ]]))
(array([[28.42737418, 29.05701394,  3.87      ]]), array([[27.49637418, 29.05701394,  3.87      ]]))
(array([[28.42737418, 30.00799565,  3.87      ]]), array([[27.49637418, 30.00799565,  3.87      ]]))
(array([[27.42701537, 27.49999565,  8.59      ]]), array([[27.42701537, 30.07999565,  8.59      ]]))
(array([[28.28020257, 27.49999565,  8.59      ]]), array([[28.28020257, 30.07999565,  8.59      ]]))
(array([[29.71799702, 27.49999565,  8.59      ]]), array([[29.71799702, 30.07999565,  8.59      ]]))
(array([[28.31240118, 29.16299565,  8.59      ]]), array([[29.68540118, 29.16299565,  8.59      ]]))
(array([[28.3125998 , 30.00799565,  8.59      ]]), array([[29.6855998 , 30.00799565,  8.59      ]]))
(array([[28.24810897, 29.16299565,  8.59      ]]), array([[27.45910897, 29.16299565,  8.59      ]]))
(array([[28.24815577, 30.00799565,  8.59      ]]), array([[27.45915577, 30.00799565,  8.59      ]]))
(array([[28.24810897, 28.61199565,  8.59      ]]), array([[27.45910897, 28.61199565,  8.59      ]]))
(array([[29.68544799, 28.61199565,  8.59      ]]), array([[28.31244799, 28.61199565,  8.59      ]]))
(array([[27.38751537, 27.49999565, 12.31      ]]), array([[27.38751537, 30.07999565, 12.31      ]]))
(array([[28.28751537, 27.49999565, 12.31      ]]), array([[28.28751537, 30.07999565, 12.31      ]]))
(array([[29.73751537, 27.49999565, 12.31      ]]), array([[29.73751537, 30.07999565, 12.31      ]]))
(array([[28.31931676, 29.16299565, 12.31      ]]), array([[29.70531676, 29.16299565, 12.31      ]]))
(array([[28.31951537, 30.00799565, 12.31      ]]), array([[29.70551537, 30.00799565, 12.31      ]]))
(array([[28.25551537, 29.16299565, 12.31      ]]), array([[27.41951537, 29.16299565, 12.31      ]]))
(array([[28.25556217, 30.00799565, 12.31      ]]), array([[27.41956217, 30.00799565, 12.31      ]]))
(array([[28.25551537, 28.77399565, 12.31      ]]), array([[27.41951537, 28.77399565, 12.31      ]]))
(array([[29.70536356, 28.61199565, 12.31      ]]), array([[28.31936356, 28.61199565, 12.31      ]]))
(array([[ 5.99999702, 35.66999565, -0.05      ]]), array([[ 5.99999702, 35.66999565,  4.06      ]]))
(array([[ 5.99999702, 35.66999565,  4.06      ]]), array([[ 5.99999702, 35.66999565,  8.34      ]]))
(array([[11.99999702, 35.66999565, -0.05      ]]), array([[11.99999702, 35.66999565,  4.06      ]]))
(array([[11.99999702, 35.66999565,  4.06      ]]), array([[11.99999702, 35.66999565,  8.38      ]]))
(array([[16.79999702, 35.66999565, -0.05      ]]), array([[16.79999702, 35.66999565,  4.06      ]]))
(array([[16.79999702, 35.66999565,  4.06      ]]), array([[16.79999702, 35.66999565,  8.38      ]]))
(array([[11.67999702, 24.59999565, -0.06      ]]), array([[11.67999702, 24.59999565,  4.06      ]]))
(array([[11.67999702, 24.59999565,  4.06      ]]), array([[11.67999702, 24.59999565,  8.36      ]]))
(array([[ 6.02713987, 31.57566956, -0.93357143]]), array([[ 6.02713987, 31.57566956,  3.17642857]]))
(array([[ 5.99999702, 31.59995528,  4.06      ]]), array([[ 5.99999702, 31.59995528,  8.34      ]]))
(array([[ 5.99999702, 24.59999565, -0.05      ]]), array([[ 5.99999702, 24.59999565,  4.06      ]]))
(array([[ 5.99999702, 24.59999565,  4.06      ]]), array([[ 5.99999702, 24.59999565,  8.36      ]]))
(array([[23.57999702, 24.59999565, -0.06      ]]), array([[23.57999702, 24.59999565,  3.64      ]]))
(array([[21.59999702, 19.46999565, -0.06      ]]), array([[21.59999702, 19.46999565,  3.62      ]]))
(array([[25.45999702, 19.46999565, -0.06      ]]), array([[25.45999702, 19.46999565,  3.62      ]]))
(array([[23.57999702, 13.19999566, -0.06      ]]), array([[23.57999702, 13.19999566,  3.74      ]]))
(array([[30.01999702, 13.19999566, -0.06      ]]), array([[30.01999702, 13.19999566,  3.74      ]]))
(array([[16.88      , 11.02999565, -0.06      ]]), array([[16.88      , 11.02999565,  3.65      ]]))
(array([[11.99999702, 16.58000298, -0.06      ]]), array([[11.99999702, 16.58000298,  3.67      ]]))
(array([[10.11999697,  3.195     , -0.06      ]]), array([[10.11999697,  3.195     ,  3.65      ]]))
(array([[10.11999697,  8.1       , -0.06      ]]), array([[10.11999697,  8.1       ,  3.65      ]]))
(array([[ 5.05999702,  8.1       , -0.06      ]]), array([[5.05999702, 8.1       , 3.65      ]]))
(array([[23.57999702, 31.59995528, -0.05      ]]), array([[23.57999702, 31.59995528,  3.62      ]]))
(array([[30.59999702, 19.46999565,  4.        ]]), array([[30.59999702, 19.46999565,  8.44      ]]))
(array([[11.99999702, 16.58000298,  3.93      ]]), array([[11.99999702, 16.58000298,  8.44      ]]))
(array([[16.88      , 11.02999565,  3.93      ]]), array([[16.88      , 11.02999565,  8.34      ]]))
(array([[10.11999697,  8.1       ,  3.93      ]]), array([[10.11999697,  8.1       ,  8.11      ]]))
(array([[5.05999702, 8.1       , 3.93      ]]), array([[5.05999702, 8.1       , 8.11      ]]))
(array([[10.11999697,  3.195     ,  3.93      ]]), array([[10.11999697,  3.195     ,  8.11      ]]))
(array([[23.57999702, 31.59995528,  4.        ]]), array([[23.57999702, 31.59995528,  7.86      ]]))
(array([[23.57999702, 24.59995528,  4.        ]]), array([[23.57999702, 24.59995528,  8.34      ]]))
(array([[23.57999702, 13.19999566,  4.        ]]), array([[23.57999702, 13.19999566,  8.04      ]]))
(array([[30.01999702, 11.02999565,  4.        ]]), array([[30.01999702, 11.02999565,  8.04      ]]))
(array([[30.01999702, 13.19999566,  4.        ]]), array([[30.01999702, 13.19999566,  8.04      ]]))
(array([[23.57999702, 11.02999565,  4.        ]]), array([[23.57999702, 11.02999565,  8.04      ]]))
(array([[23.57999702, 13.19999566,  8.82      ]]), array([[23.57999702, 13.19999566, 12.185     ]]))
(array([[23.57999702, 11.02999565,  8.72      ]]), array([[23.57999702, 11.02999565, 12.185     ]]))
(array([[11.99999702, 16.58000298,  8.72      ]]), array([[11.99999702, 16.58000298, 12.185     ]]))
(array([[11.99999702, 24.59999565,  8.72      ]]), array([[11.99999702, 24.59999565, 12.105     ]]))
(array([[ 5.99999702, 31.59995528,  8.72      ]]), array([[ 5.99999702, 31.59995528, 12.185     ]]))
(array([[ 5.99999702, 24.59995528,  8.82      ]]), array([[ 5.99999702, 24.59995528, 12.185     ]]))
(array([[23.57999702, 24.59995528,  8.72      ]]), array([[23.57999702, 24.59995528, 12.185     ]]))
(array([[23.57999702, 31.59995528,  8.72      ]]), array([[23.57999702, 31.59995528, 12.185     ]]))
(array([[11.99999702, 31.59995528,  8.72      ]]), array([[11.99999702, 31.59995528, 12.185     ]]))
(array([[16.88      , 16.58000298,  3.93      ]]), array([[16.88      , 16.58000298,  8.34      ]]))
(array([[16.88      , 16.58000298, -0.06      ]]), array([[16.88      , 16.58000298,  3.65      ]]))
(array([[11.67999702, 31.59995528, -0.06      ]]), array([[11.67999702, 31.59995528,  4.06      ]]))
(array([[11.71333035, 31.59995528,  4.61333333]]), array([[11.71333035, 31.59995528,  8.89333333]]))
(array([[21.38499702, 16.58002217, -0.07      ]]), array([[21.38499702, 16.58002217,  3.76      ]]))
(array([[20.83501378, 31.59995528,  3.96      ]]), array([[20.83501378, 31.59995528,  7.86      ]]))
(array([[16.79999702, 32.71399565,  3.61      ]]), array([[16.79999702, 32.71399565,  8.38      ]]))
(array([[16.79999702, 34.78599565,  3.61      ]]), array([[16.79999702, 34.78599565,  8.38      ]]))
(array([[21.01299702, 10.88      ,  2.367     ]]), array([[21.01299702, 10.88      ,  8.38      ]]))
(array([[17.48699702, 10.88      ,  2.367     ]]), array([[17.48699702, 10.88      ,  8.38      ]]))
(array([[16.26, -0.06,  8.38]]), array([[16.26 , -0.06 ,  9.965]]))
(array([[16.86,  0.54,  8.38]]), array([[16.86 ,  0.54 ,  9.965]]))
(array([[16.86,  6.33,  8.38]]), array([[16.86 ,  6.33 ,  9.965]]))
(array([[16.86,  7.53,  8.38]]), array([[16.86 ,  7.53 ,  9.965]]))
(array([[16.86,  5.13,  8.38]]), array([[16.86 ,  5.13 ,  9.965]]))
(array([[16.86,  3.93,  8.38]]), array([[16.86 ,  3.93 ,  9.965]]))
(array([[16.86,  2.73,  8.38]]), array([[16.86 ,  2.73 ,  9.965]]))
(array([[16.86,  1.53,  8.38]]), array([[16.86 ,  1.53 ,  9.965]]))
(array([[15.06, -0.06,  8.38]]), array([[15.06 , -0.06 ,  9.965]]))
(array([[13.86, -0.06,  8.38]]), array([[13.86 , -0.06 ,  9.965]]))
(array([[12.66, -0.06,  8.38]]), array([[12.66 , -0.06 ,  9.965]]))
(array([[11.46, -0.06,  8.38]]), array([[11.46 , -0.06 ,  9.965]]))
(array([[10.26, -0.06,  8.38]]), array([[10.26 , -0.06 ,  9.965]]))
(array([[ 9.06, -0.06,  8.38]]), array([[ 9.06 , -0.06 ,  9.965]]))
(array([[ 7.86, -0.06,  8.38]]), array([[ 7.86 , -0.06 ,  9.965]]))
(array([[ 6.66, -0.06,  8.38]]), array([[ 6.66 , -0.06 ,  9.965]]))
(array([[ 5.46, -0.06,  8.38]]), array([[ 5.46 , -0.06 ,  9.965]]))
(array([[ 4.26, -0.06,  8.38]]), array([[ 4.26 , -0.06 ,  9.965]]))
(array([[ 3.06, -0.06,  8.38]]), array([[ 3.06 , -0.06 ,  9.965]]))
(array([[-0.06,  0.54,  8.38]]), array([[-0.06 ,  0.54 ,  9.965]]))
(array([[ 0.54, -0.06,  8.38]]), array([[ 0.54 , -0.06 ,  9.965]]))
(array([[ 1.86, -0.06,  8.38]]), array([[ 1.86 , -0.06 ,  9.965]]))
(array([[11.99999702, 32.71399565,  3.61      ]]), array([[11.99999702, 32.71399565,  8.38      ]]))
(array([[11.99999702, 34.78599565,  3.61      ]]), array([[11.99999702, 34.78599565,  8.38      ]]))
(array([[-0.06,  1.74,  8.38]]), array([[-0.06 ,  1.74 ,  9.965]]))
(array([[ 1.2 , -0.06,  8.38]]), array([[ 1.2  , -0.06 ,  9.965]]))
(array([[-0.06,  2.94,  8.38]]), array([[-0.06 ,  2.94 ,  9.965]]))
(array([[-0.06,  4.14,  8.38]]), array([[-0.06 ,  4.14 ,  9.965]]))
(array([[-0.06,  5.34,  8.38]]), array([[-0.06 ,  5.34 ,  9.965]]))
(array([[-0.06,  6.54,  8.38]]), array([[-0.06 ,  6.54 ,  9.965]]))
(array([[-0.06,  7.74,  8.38]]), array([[-0.06 ,  7.74 ,  9.965]]))
(array([[-0.06,  8.94,  8.38]]), array([[-0.06 ,  8.94 ,  9.965]]))
(array([[-0.06, 10.14,  8.38]]), array([[-0.06 , 10.14 ,  9.965]]))
(array([[-0.06, 11.34,  8.38]]), array([[-0.06 , 11.34 ,  9.965]]))
(array([[-0.06, 12.54,  8.38]]), array([[-0.06 , 12.54 ,  9.965]]))
(array([[-0.06, 13.74,  8.38]]), array([[-0.06 , 13.74 ,  9.965]]))
(array([[-0.06, 14.94,  8.38]]), array([[-0.06 , 14.94 ,  9.965]]))
(array([[ 4.40999702, 16.56      ,  8.38      ]]), array([[ 4.40999702, 16.56      ,  9.965     ]]))
(array([[ 3.20999702, 16.56      ,  8.38      ]]), array([[ 3.20999702, 16.56      ,  9.965     ]]))
(array([[ 2.00999702, 16.56      ,  8.38      ]]), array([[ 2.00999702, 16.56      ,  9.965     ]]))
(array([[ 0.54, 16.56,  8.38]]), array([[ 0.54 , 16.56 ,  9.965]]))
(array([[ 1.27499702, 16.56      ,  8.38      ]]), array([[ 1.27499702, 16.56      ,  9.965     ]]))
(array([[-0.06, 15.96,  8.38]]), array([[-0.06 , 15.96 ,  9.965]]))
(array([[12.29499702, 31.15269801, 11.61      ]]), array([[12.29499702, 31.15269801, 13.485     ]]))
(array([[12.29499702, 30.79997547, 11.61      ]]), array([[12.29499702, 30.79997547, 13.485     ]]))
(array([[12.29499702, 30.19997547, 11.61      ]]), array([[12.29499702, 30.19997547, 13.485     ]]))
(array([[12.29499702, 29.59997547, 11.61      ]]), array([[12.29499702, 29.59997547, 13.485     ]]))
(array([[12.29499702, 28.99997547, 11.61      ]]), array([[12.29499702, 28.99997547, 13.485     ]]))
(array([[12.29499702, 28.39997547, 11.61      ]]), array([[12.29499702, 28.39997547, 13.485     ]]))
(array([[12.29499702, 27.79997547, 11.61      ]]), array([[12.29499702, 27.79997547, 13.485     ]]))
(array([[12.29499702, 27.19997547, 11.61      ]]), array([[12.29499702, 27.19997547, 13.485     ]]))
(array([[12.29499702, 26.59997547, 11.61      ]]), array([[12.29499702, 26.59997547, 13.485     ]]))
(array([[12.29499702, 25.99997547, 11.61      ]]), array([[12.29499702, 25.99997547, 13.485     ]]))
(array([[12.29499702, 25.39997547, 11.61      ]]), array([[12.29499702, 25.39997547, 13.485     ]]))
(array([[12.29499702, 24.79997547, 11.61      ]]), array([[12.29499702, 24.79997547, 13.485     ]]))
(array([[12.29499702, 24.19997547, 11.61      ]]), array([[12.29499702, 24.19997547, 13.485     ]]))
(array([[12.29499702, 23.59997547, 11.61      ]]), array([[12.29499702, 23.59997547, 13.485     ]]))
(array([[12.29499702, 22.99997547, 11.61      ]]), array([[12.29499702, 22.99997547, 13.485     ]]))
(array([[12.29499702, 22.39997547, 11.61      ]]), array([[12.29499702, 22.39997547, 13.485     ]]))
(array([[12.29499702, 21.79997547, 11.61      ]]), array([[12.29499702, 21.79997547, 13.485     ]]))
(array([[12.29499702, 21.19997547, 11.61      ]]), array([[12.29499702, 21.19997547, 13.485     ]]))
(array([[12.29499702, 20.59997547, 11.61      ]]), array([[12.29499702, 20.59997547, 13.485     ]]))
(array([[12.29499702, 19.99997547, 11.61      ]]), array([[12.29499702, 19.99997547, 13.485     ]]))
(array([[12.29499702, 19.39997547, 11.61      ]]), array([[12.29499702, 19.39997547, 13.485     ]]))
(array([[12.29499702, 18.79997547, 11.61      ]]), array([[12.29499702, 18.79997547, 13.485     ]]))
(array([[12.29499702, 18.19997547, 11.61      ]]), array([[12.29499702, 18.19997547, 13.485     ]]))
(array([[12.29499702, 17.59997547, 11.61      ]]), array([[12.29499702, 17.59997547, 13.485     ]]))
(array([[12.29499702, 16.99997547, 11.61      ]]), array([[12.29499702, 16.99997547, 13.485     ]]))
(array([[12.29499702, 16.39997547, 11.61      ]]), array([[12.29499702, 16.39997547, 13.485     ]]))
(array([[12.29499702, 15.79997547, 11.61      ]]), array([[12.29499702, 15.79997547, 13.485     ]]))
(array([[12.29499702, 15.19997547, 11.61      ]]), array([[12.29499702, 15.19997547, 13.485     ]]))
(array([[12.29499702, 14.59997547, 11.61      ]]), array([[12.29499702, 14.59997547, 13.485     ]]))
(array([[12.29499702, 13.99997547, 11.61      ]]), array([[12.29499702, 13.99997547, 13.485     ]]))
(array([[12.29499702, 13.59749566, 11.61      ]]), array([[12.29499702, 13.59749566, 13.485     ]]))
(array([[12.29499702, 30.79997547,  7.625     ]]), array([[12.29499702, 30.79997547,  8.76      ]]))
(array([[12.29499702, 31.15269801,  7.625     ]]), array([[12.29499702, 31.15269801,  8.76      ]]))
(array([[12.29499702, 30.19997547,  7.625     ]]), array([[12.29499702, 30.19997547,  8.76      ]]))
(array([[12.29499702, 29.59997547,  7.625     ]]), array([[12.29499702, 29.59997547,  8.76      ]]))
(array([[12.29499702, 28.99997547,  7.625     ]]), array([[12.29499702, 28.99997547,  8.76      ]]))
(array([[12.29499702, 28.39997547,  7.625     ]]), array([[12.29499702, 28.39997547,  8.76      ]]))
(array([[12.29499702, 27.79997547,  7.625     ]]), array([[12.29499702, 27.79997547,  8.76      ]]))
(array([[12.29499702, 27.19997547,  7.625     ]]), array([[12.29499702, 27.19997547,  8.76      ]]))
(array([[12.29499702, 26.59997547,  7.625     ]]), array([[12.29499702, 26.59997547,  8.76      ]]))
(array([[12.29499702, 25.99997547,  7.625     ]]), array([[12.29499702, 25.99997547,  8.76      ]]))
(array([[12.29499702, 25.39997547,  7.625     ]]), array([[12.29499702, 25.39997547,  8.76      ]]))
(array([[12.29499702, 24.79997547,  7.625     ]]), array([[12.29499702, 24.79997547,  8.76      ]]))
(array([[12.29499702, 24.19997547,  7.625     ]]), array([[12.29499702, 24.19997547,  8.76      ]]))
(array([[12.29499702, 23.59997547,  7.625     ]]), array([[12.29499702, 23.59997547,  8.76      ]]))
(array([[12.29499702, 22.99997547,  7.625     ]]), array([[12.29499702, 22.99997547,  8.76      ]]))
(array([[12.29499702, 22.39997547,  7.625     ]]), array([[12.29499702, 22.39997547,  8.76      ]]))
(array([[12.29499702, 21.79997547,  7.625     ]]), array([[12.29499702, 21.79997547,  8.76      ]]))
(array([[12.29499702, 21.19997547,  7.625     ]]), array([[12.29499702, 21.19997547,  8.76      ]]))
(array([[12.29499702, 20.59997547,  7.625     ]]), array([[12.29499702, 20.59997547,  8.76      ]]))
(array([[12.29499702, 19.99997547,  7.625     ]]), array([[12.29499702, 19.99997547,  8.76      ]]))
(array([[12.29499702, 19.39997547,  7.625     ]]), array([[12.29499702, 19.39997547,  8.76      ]]))
(array([[12.29499702, 18.79997547,  7.625     ]]), array([[12.29499702, 18.79997547,  8.76      ]]))
(array([[12.29499702, 18.19997547,  7.625     ]]), array([[12.29499702, 18.19997547,  8.76      ]]))
(array([[12.29499702, 17.59997547,  7.625     ]]), array([[12.29499702, 17.59997547,  8.76      ]]))
(array([[12.29499702, 16.99997547,  7.625     ]]), array([[12.29499702, 16.99997547,  8.76      ]]))
(array([[17.19499702, 16.895     ,  7.09      ]]), array([[17.19499702, 16.895     ,  8.78      ]]))
(array([[17.19499702, 16.895     ,  8.78      ]]), array([[17.19499702, 16.895     ,  9.94      ]]))
(array([[17.19499702, 16.4       ,  7.09      ]]), array([[17.19499702, 16.4       ,  8.78      ]]))
(array([[17.19499702, 16.4       ,  8.78      ]]), array([[17.19499702, 16.4       ,  9.94      ]]))
(array([[17.19499702, 15.8       ,  7.09      ]]), array([[17.19499702, 15.8       ,  8.78      ]]))
(array([[17.19499702, 15.8       ,  8.78      ]]), array([[17.19499702, 15.8       ,  9.94      ]]))
(array([[17.19499702, 15.2       ,  7.09      ]]), array([[17.19499702, 15.2       ,  8.78      ]]))
(array([[17.19499702, 15.2       ,  8.78      ]]), array([[17.19499702, 15.2       ,  9.94      ]]))
(array([[17.19499702, 14.6       ,  7.09      ]]), array([[17.19499702, 14.6       ,  8.78      ]]))
(array([[17.19499702, 14.6       ,  8.78      ]]), array([[17.19499702, 14.6       ,  9.94      ]]))
(array([[17.19499702, 14.        ,  7.09      ]]), array([[17.19499702, 14.        ,  8.78      ]]))
(array([[17.19499702, 14.        ,  8.78      ]]), array([[17.19499702, 14.        ,  9.94      ]]))
(array([[17.19499702, 13.647     ,  7.09      ]]), array([[17.19499702, 13.647     ,  8.78      ]]))
(array([[17.19499702, 13.647     ,  8.78      ]]), array([[17.19499702, 13.647     ,  9.94      ]]))
(array([[23.28499702, 13.64749566, 11.61      ]]), array([[23.28499702, 13.64749566, 12.485     ]]))
(array([[23.28499702, 13.64749566, 12.485     ]]), array([[23.28499702, 13.64749566, 13.485     ]]))
(array([[23.28499702, 14.24999565, 11.61      ]]), array([[23.28499702, 14.24999565, 12.485     ]]))
(array([[23.28499702, 14.24999565, 12.485     ]]), array([[23.28499702, 14.24999565, 13.485     ]]))
(array([[23.28499702, 14.84999565, 11.61      ]]), array([[23.28499702, 14.84999565, 12.485     ]]))
(array([[23.28499702, 14.84999565, 12.485     ]]), array([[23.28499702, 14.84999565, 13.485     ]]))
(array([[23.28499702, 15.44999565, 11.61      ]]), array([[23.28499702, 15.44999565, 12.485     ]]))
(array([[23.28499702, 15.44999565, 12.485     ]]), array([[23.28499702, 15.44999565, 13.485     ]]))
(array([[23.28499702, 16.04999565, 11.61      ]]), array([[23.28499702, 16.04999565, 12.485     ]]))
(array([[23.28499702, 16.04999565, 12.485     ]]), array([[23.28499702, 16.04999565, 13.485     ]]))
(array([[23.28499702, 16.64999565, 11.61      ]]), array([[23.28499702, 16.64999565, 12.485     ]]))
(array([[23.28499702, 16.64999565, 12.485     ]]), array([[23.28499702, 16.64999565, 13.485     ]]))
(array([[23.28499702, 17.24999565, 11.61      ]]), array([[23.28499702, 17.24999565, 12.485     ]]))
(array([[23.28499702, 17.24999565, 12.485     ]]), array([[23.28499702, 17.24999565, 13.485     ]]))
(array([[23.28499702, 17.84999565, 11.61      ]]), array([[23.28499702, 17.84999565, 12.485     ]]))
(array([[23.28499702, 17.84999565, 12.485     ]]), array([[23.28499702, 17.84999565, 13.485     ]]))
(array([[23.28499702, 18.44999565, 11.61      ]]), array([[23.28499702, 18.44999565, 12.485     ]]))
(array([[23.28499702, 18.44999565, 12.485     ]]), array([[23.28499702, 18.44999565, 13.485     ]]))
(array([[23.28499702, 19.04999565, 11.61      ]]), array([[23.28499702, 19.04999565, 12.485     ]]))
(array([[23.28499702, 19.04999565, 12.485     ]]), array([[23.28499702, 19.04999565, 13.485     ]]))
(array([[23.28499702, 19.64999565, 11.61      ]]), array([[23.28499702, 19.64999565, 12.485     ]]))
(array([[23.28499702, 19.64999565, 12.485     ]]), array([[23.28499702, 19.64999565, 13.485     ]]))
(array([[23.28499702, 20.24999565, 11.61      ]]), array([[23.28499702, 20.24999565, 12.485     ]]))
(array([[23.28499702, 20.24999565, 12.485     ]]), array([[23.28499702, 20.24999565, 13.485     ]]))
(array([[23.28499702, 20.84999565, 11.61      ]]), array([[23.28499702, 20.84999565, 12.485     ]]))
(array([[23.28499702, 20.84999565, 12.485     ]]), array([[23.28499702, 20.84999565, 13.485     ]]))
(array([[23.28499702, 21.44999565, 11.61      ]]), array([[23.28499702, 21.44999565, 12.485     ]]))
(array([[23.28499702, 21.44999565, 12.485     ]]), array([[23.28499702, 21.44999565, 13.485     ]]))
(array([[23.28499702, 22.04999565, 11.61      ]]), array([[23.28499702, 22.04999565, 12.485     ]]))
(array([[23.28499702, 22.04999565, 12.485     ]]), array([[23.28499702, 22.04999565, 13.485     ]]))
(array([[23.28499702, 22.64999565, 11.61      ]]), array([[23.28499702, 22.64999565, 12.485     ]]))
(array([[23.28499702, 22.64999565, 12.485     ]]), array([[23.28499702, 22.64999565, 13.485     ]]))
(array([[23.28499702, 23.24999565, 11.61      ]]), array([[23.28499702, 23.24999565, 12.485     ]]))
(array([[23.28499702, 23.24999565, 12.485     ]]), array([[23.28499702, 23.24999565, 13.485     ]]))
(array([[23.28499702, 23.84999565, 11.61      ]]), array([[23.28499702, 23.84999565, 12.485     ]]))
(array([[23.28499702, 23.84999565, 12.485     ]]), array([[23.28499702, 23.84999565, 13.485     ]]))
(array([[23.28499702, 24.44999565, 11.61      ]]), array([[23.28499702, 24.44999565, 12.485     ]]))
(array([[23.28499702, 24.44999565, 12.485     ]]), array([[23.28499702, 24.44999565, 13.485     ]]))
(array([[23.28499702, 25.04999565, 11.61      ]]), array([[23.28499702, 25.04999565, 12.485     ]]))
(array([[23.28499702, 25.04999565, 12.485     ]]), array([[23.28499702, 25.04999565, 13.485     ]]))
(array([[23.28499702, 25.64999565, 11.61      ]]), array([[23.28499702, 25.64999565, 12.485     ]]))
(array([[23.28499702, 25.64999565, 12.485     ]]), array([[23.28499702, 25.64999565, 13.485     ]]))
(array([[23.28499702, 26.24999565, 11.61      ]]), array([[23.28499702, 26.24999565, 12.485     ]]))
(array([[23.28499702, 26.24999565, 12.485     ]]), array([[23.28499702, 26.24999565, 13.485     ]]))
(array([[23.28499702, 26.84999565, 11.61      ]]), array([[23.28499702, 26.84999565, 12.485     ]]))
(array([[23.28499702, 26.84999565, 12.485     ]]), array([[23.28499702, 26.84999565, 13.485     ]]))
(array([[23.28499702, 27.44999565, 11.61      ]]), array([[23.28499702, 27.44999565, 12.485     ]]))
(array([[23.28499702, 27.44999565, 12.485     ]]), array([[23.28499702, 27.44999565, 13.485     ]]))
(array([[23.28499702, 28.04999565, 11.61      ]]), array([[23.28499702, 28.04999565, 12.485     ]]))
(array([[23.28499702, 28.04999565, 12.485     ]]), array([[23.28499702, 28.04999565, 13.485     ]]))
(array([[23.28499702, 28.64999565, 11.61      ]]), array([[23.28499702, 28.64999565, 12.485     ]]))
(array([[23.28499702, 28.64999565, 12.485     ]]), array([[23.28499702, 28.64999565, 13.485     ]]))
(array([[23.28499702, 29.24999565, 11.61      ]]), array([[23.28499702, 29.24999565, 12.485     ]]))
(array([[23.28499702, 29.24999565, 12.485     ]]), array([[23.28499702, 29.24999565, 13.485     ]]))
(array([[23.28499702, 29.84999565, 11.61      ]]), array([[23.28499702, 29.84999565, 12.485     ]]))
(array([[23.28499702, 29.84999565, 12.485     ]]), array([[23.28499702, 29.84999565, 13.485     ]]))
(array([[23.28499702, 30.44999565, 11.61      ]]), array([[23.28499702, 30.44999565, 12.485     ]]))
(array([[23.28499702, 30.44999565, 12.485     ]]), array([[23.28499702, 30.44999565, 13.485     ]]))
(array([[23.28499702, 31.04999565, 11.61      ]]), array([[23.28499702, 31.04999565, 12.485     ]]))
(array([[23.28499702, 31.04999565, 12.485     ]]), array([[23.28499702, 31.04999565, 13.485     ]]))
(array([[23.28499702, 13.64749566,  7.625     ]]), array([[23.28499702, 13.64749566,  8.76      ]]))
(array([[23.28499702, 14.24999565,  7.625     ]]), array([[23.28499702, 14.24999565,  8.76      ]]))
(array([[23.28499702, 14.84999565,  7.625     ]]), array([[23.28499702, 14.84999565,  8.76      ]]))
(array([[23.28499702, 15.44999565,  7.625     ]]), array([[23.28499702, 15.44999565,  8.76      ]]))
(array([[23.28499702, 16.04999565,  7.625     ]]), array([[23.28499702, 16.04999565,  8.76      ]]))
(array([[23.28499702, 16.64999565,  7.625     ]]), array([[23.28499702, 16.64999565,  8.76      ]]))
(array([[23.28499702, 17.24999565,  7.625     ]]), array([[23.28499702, 17.24999565,  8.76      ]]))
(array([[23.28499702, 17.84999565,  7.625     ]]), array([[23.28499702, 17.84999565,  8.76      ]]))
(array([[23.28499702, 18.44999565,  7.625     ]]), array([[23.28499702, 18.44999565,  8.76      ]]))
(array([[20.69499702, 19.64999565,  7.09      ]]), array([[20.69499702, 19.64999565,  8.78      ]]))
(array([[20.69499702, 19.64999565,  8.78      ]]), array([[20.69499702, 19.64999565,  9.94      ]]))
(array([[20.69499702, 20.24999565,  7.09      ]]), array([[20.69499702, 20.24999565,  8.78      ]]))
(array([[20.69499702, 20.24999565,  8.78      ]]), array([[20.69499702, 20.24999565,  9.94      ]]))
(array([[20.69499702, 20.84999565,  7.09      ]]), array([[20.69499702, 20.84999565,  8.78      ]]))
(array([[20.69499702, 20.84999565,  8.78      ]]), array([[20.69499702, 20.84999565,  9.94      ]]))
(array([[20.69499702, 21.44999565,  7.09      ]]), array([[20.69499702, 21.44999565,  8.78      ]]))
(array([[20.69499702, 21.44999565,  8.78      ]]), array([[20.69499702, 21.44999565,  9.94      ]]))
(array([[20.69499702, 22.04999565,  7.09      ]]), array([[20.69499702, 22.04999565,  8.78      ]]))
(array([[20.69499702, 22.04999565,  8.78      ]]), array([[20.69499702, 22.04999565,  9.94      ]]))
(array([[20.69499702, 22.64999565,  7.09      ]]), array([[20.69499702, 22.64999565,  8.78      ]]))
(array([[20.69499702, 22.64999565,  8.78      ]]), array([[20.69499702, 22.64999565,  9.94      ]]))
(array([[20.69499702, 23.24999565,  7.09      ]]), array([[20.69499702, 23.24999565,  8.78      ]]))
(array([[20.69499702, 23.24999565,  8.78      ]]), array([[20.69499702, 23.24999565,  9.94      ]]))
(array([[20.69499702, 23.84999565,  7.09      ]]), array([[20.69499702, 23.84999565,  8.78      ]]))
(array([[20.69499702, 23.84999565,  8.78      ]]), array([[20.69499702, 23.84999565,  9.94      ]]))
(array([[20.69499702, 24.44999565,  7.09      ]]), array([[20.69499702, 24.44999565,  8.78      ]]))
(array([[20.69499702, 24.44999565,  8.78      ]]), array([[20.69499702, 24.44999565,  9.94      ]]))
(array([[20.69499702, 25.04999565,  7.09      ]]), array([[20.69499702, 25.04999565,  8.78      ]]))
(array([[20.69499702, 25.04999565,  8.78      ]]), array([[20.69499702, 25.04999565,  9.94      ]]))
(array([[20.69499702, 25.64999565,  7.09      ]]), array([[20.69499702, 25.64999565,  8.78      ]]))
(array([[20.69499702, 25.64999565,  8.78      ]]), array([[20.69499702, 25.64999565,  9.94      ]]))
(array([[20.69499702, 26.24999565,  7.09      ]]), array([[20.69499702, 26.24999565,  8.78      ]]))
(array([[20.69499702, 26.24999565,  8.78      ]]), array([[20.69499702, 26.24999565,  9.94      ]]))
(array([[20.69499702, 26.84999565,  7.09      ]]), array([[20.69499702, 26.84999565,  8.78      ]]))
(array([[20.69499702, 26.84999565,  8.78      ]]), array([[20.69499702, 26.84999565,  9.94      ]]))
(array([[20.69499702, 27.44999565,  7.09      ]]), array([[20.69499702, 27.44999565,  8.78      ]]))
(array([[20.69499702, 27.44999565,  8.78      ]]), array([[20.69499702, 27.44999565,  9.94      ]]))
(array([[20.69499702, 28.04999565,  7.09      ]]), array([[20.69499702, 28.04999565,  8.78      ]]))
(array([[20.69499702, 28.04999565,  8.78      ]]), array([[20.69499702, 28.04999565,  9.94      ]]))
(array([[20.69499702, 28.64999565,  7.09      ]]), array([[20.69499702, 28.64999565,  8.78      ]]))
(array([[20.69499702, 28.64999565,  8.78      ]]), array([[20.69499702, 28.64999565,  9.94      ]]))
(array([[20.69499702, 29.24999565,  7.09      ]]), array([[20.69499702, 29.24999565,  8.78      ]]))
(array([[20.69499702, 29.24999565,  8.78      ]]), array([[20.69499702, 29.24999565,  9.94      ]]))
(array([[20.69499702, 29.84999565,  7.09      ]]), array([[20.69499702, 29.84999565,  8.78      ]]))
(array([[20.69499702, 29.84999565,  8.78      ]]), array([[20.69499702, 29.84999565,  9.94      ]]))
(array([[20.69499702, 30.44999565,  7.09      ]]), array([[20.69499702, 30.44999565,  8.78      ]]))
(array([[20.69499702, 30.44999565,  8.78      ]]), array([[20.69499702, 30.44999565,  9.94      ]]))
(array([[20.69499702, 31.04999565,  7.09      ]]), array([[20.69499702, 31.04999565,  8.78      ]]))
(array([[20.69499702, 31.04999565,  8.78      ]]), array([[20.69499702, 31.04999565,  9.94      ]]))
(array([[23.58999702, 19.15499565,  7.54      ]]), array([[23.58999702, 19.15499565,  8.04      ]]))
(array([[21.30449702, 19.04999565,  2.58      ]]), array([[21.30449702, 19.04999565,  4.04      ]]))
(array([[20.69499702, 19.64999565,  3.115     ]]), array([[20.69499702, 19.64999565,  4.04      ]]))
(array([[21.30449702, 18.44999565,  2.58      ]]), array([[21.30449702, 18.44999565,  4.04      ]]))
(array([[21.30449702, 17.84999565,  2.58      ]]), array([[21.30449702, 17.84999565,  4.04      ]]))
(array([[21.30449702, 17.24999565,  2.58      ]]), array([[21.30449702, 17.24999565,  4.04      ]]))
(array([[20.69499702, 20.24999565,  3.115     ]]), array([[20.69499702, 20.24999565,  4.04      ]]))
(array([[20.69499702, 20.84999565,  3.115     ]]), array([[20.69499702, 20.84999565,  4.04      ]]))
(array([[20.69499702, 21.44999565,  3.115     ]]), array([[20.69499702, 21.44999565,  4.04      ]]))
(array([[20.69499702, 22.04999565,  3.115     ]]), array([[20.69499702, 22.04999565,  4.04      ]]))
(array([[20.69499702, 22.64999565,  3.115     ]]), array([[20.69499702, 22.64999565,  4.04      ]]))
(array([[20.69499702, 23.24999565,  3.115     ]]), array([[20.69499702, 23.24999565,  4.04      ]]))
(array([[20.69499702, 23.84999565,  3.115     ]]), array([[20.69499702, 23.84999565,  4.04      ]]))
(array([[20.69499702, 24.44999565,  3.115     ]]), array([[20.69499702, 24.44999565,  4.04      ]]))
(array([[20.69499702, 25.04999565,  3.115     ]]), array([[20.69499702, 25.04999565,  4.04      ]]))
(array([[20.69499702, 25.64999565,  3.115     ]]), array([[20.69499702, 25.64999565,  4.04      ]]))
(array([[20.69499702, 26.24999565,  3.115     ]]), array([[20.69499702, 26.24999565,  4.04      ]]))
(array([[20.69499702, 26.84999565,  3.115     ]]), array([[20.69499702, 26.84999565,  4.04      ]]))
(array([[20.69499702, 27.44999565,  3.115     ]]), array([[20.69499702, 27.44999565,  4.04      ]]))
(array([[20.69499702, 28.04999565,  3.115     ]]), array([[20.69499702, 28.04999565,  4.04      ]]))
(array([[20.69499702, 28.64999565,  3.115     ]]), array([[20.69499702, 28.64999565,  4.04      ]]))
(array([[20.69499702, 29.24999565,  3.115     ]]), array([[20.69499702, 29.24999565,  4.04      ]]))
(array([[20.69499702, 29.84999565,  3.115     ]]), array([[20.69499702, 29.84999565,  4.04      ]]))
(array([[20.69499702, 30.44999565,  3.115     ]]), array([[20.69499702, 30.44999565,  4.04      ]]))
(array([[20.69499702, 31.04999565,  3.115     ]]), array([[20.69499702, 31.04999565,  4.04      ]]))
(array([[20.69499702, 31.64999565,  3.115     ]]), array([[20.69499702, 31.64999565,  4.04      ]]))
(array([[20.69499702, 32.24999565,  3.115     ]]), array([[20.69499702, 32.24999565,  4.04      ]]))
(array([[12.42999702, 31.28695528,  7.625     ]]), array([[12.42999702, 31.28695528,  8.76      ]]))
(array([[12.42999702, 31.28795528, 11.61      ]]), array([[12.42999702, 31.28795528, 13.485     ]]))
(array([[12.95999702, 31.28695528,  7.625     ]]), array([[12.95999702, 31.28695528,  8.76      ]]))
(array([[12.95999702, 31.28795528, 11.61      ]]), array([[12.95999702, 31.28795528, 13.485     ]]))
(array([[13.55999702, 31.28795528, 11.61      ]]), array([[13.55999702, 31.28795528, 13.485     ]]))
(array([[14.15999702, 31.28795528, 11.61      ]]), array([[14.15999702, 31.28795528, 13.485     ]]))
(array([[14.75999702, 31.28795528, 11.61      ]]), array([[14.75999702, 31.28795528, 13.485     ]]))
(array([[15.35999702, 31.28795528, 11.61      ]]), array([[15.35999702, 31.28795528, 13.485     ]]))
(array([[15.95999702, 31.28795528, 11.61      ]]), array([[15.95999702, 31.28795528, 13.485     ]]))
(array([[16.55999702, 31.28795528, 11.61      ]]), array([[16.55999702, 31.28795528, 13.485     ]]))
(array([[17.15999702, 31.28795528, 11.61      ]]), array([[17.15999702, 31.28795528, 13.485     ]]))
(array([[17.75999702, 31.28795528, 11.61      ]]), array([[17.75999702, 31.28795528, 13.485     ]]))
(array([[18.35999702, 31.28795528, 11.61      ]]), array([[18.35999702, 31.28795528, 13.485     ]]))
(array([[18.95999702, 31.28795528, 11.61      ]]), array([[18.95999702, 31.28795528, 13.485     ]]))
(array([[19.55999702, 31.28795528, 11.61      ]]), array([[19.55999702, 31.28795528, 13.485     ]]))
(array([[20.15999702, 31.28795528, 11.61      ]]), array([[20.15999702, 31.28795528, 13.485     ]]))
(array([[20.75999702, 31.28795528, 11.61      ]]), array([[20.75999702, 31.28795528, 13.485     ]]))
(array([[21.35999702, 31.28795528, 11.61      ]]), array([[21.35999702, 31.28795528, 13.485     ]]))
(array([[21.95999702, 31.28795528, 11.61      ]]), array([[21.95999702, 31.28795528, 13.485     ]]))
(array([[22.55999702, 31.28795528, 11.61      ]]), array([[22.55999702, 31.28795528, 13.485     ]]))
(array([[23.14999702, 31.28795528, 11.61      ]]), array([[23.14999702, 31.28795528, 13.485     ]]))
(array([[13.55999702, 31.28695528,  7.625     ]]), array([[13.55999702, 31.28695528,  8.76      ]]))
(array([[14.15999702, 31.28695528,  7.625     ]]), array([[14.15999702, 31.28695528,  8.76      ]]))
(array([[14.75999702, 31.28695528,  7.625     ]]), array([[14.75999702, 31.28695528,  8.76      ]]))
(array([[15.35999702, 31.28695528,  7.625     ]]), array([[15.35999702, 31.28695528,  8.76      ]]))
(array([[15.95999702, 31.28695528,  7.625     ]]), array([[15.95999702, 31.28695528,  8.76      ]]))
(array([[16.55999702, 31.28695528,  7.625     ]]), array([[16.55999702, 31.28695528,  8.76      ]]))
(array([[17.15999702, 31.28695528,  7.625     ]]), array([[17.15999702, 31.28695528,  8.76      ]]))
(array([[17.75999702, 31.28695528,  7.625     ]]), array([[17.75999702, 31.28695528,  8.76      ]]))
(array([[18.35999702, 31.28695528,  7.625     ]]), array([[18.35999702, 31.28695528,  8.76      ]]))
(array([[18.95999702, 31.28695528,  7.625     ]]), array([[18.95999702, 31.28695528,  8.76      ]]))
(array([[19.55999702, 31.28695528,  7.625     ]]), array([[19.55999702, 31.28695528,  8.76      ]]))
(array([[20.15999702, 31.28695528,  7.625     ]]), array([[20.15999702, 31.28695528,  8.76      ]]))
(array([[20.55999702, 31.28695528,  7.625     ]]), array([[20.55999702, 31.28695528,  8.76      ]]))
(array([[23.14999702, 19.15499565,  7.09      ]]), array([[23.14999702, 19.15499565,  8.78      ]]))
(array([[23.14999702, 19.15499565,  8.78      ]]), array([[23.14999702, 19.15499565,  9.93      ]]))
(array([[22.98999702, 19.15499565,  7.09      ]]), array([[22.98999702, 19.15499565,  8.78      ]]))
(array([[22.98999702, 19.15499565,  8.78      ]]), array([[22.98999702, 19.15499565,  9.93      ]]))
(array([[22.38999702, 19.15499565,  7.09      ]]), array([[22.38999702, 19.15499565,  8.78      ]]))
(array([[22.38999702, 19.15499565,  8.78      ]]), array([[22.38999702, 19.15499565,  9.93      ]]))
(array([[21.77999702, 19.15499565,  7.09      ]]), array([[21.77999702, 19.15499565,  8.78      ]]))
(array([[21.77999702, 19.15499565,  8.78      ]]), array([[21.77999702, 19.15499565,  9.93      ]]))
(array([[21.18999702, 19.15499565,  7.09      ]]), array([[21.18999702, 19.15499565,  8.78      ]]))
(array([[21.18999702, 19.15499565,  8.78      ]]), array([[21.18999702, 19.15499565,  9.93      ]]))
(array([[20.69499702, 19.15449565,  7.09      ]]), array([[20.69499702, 19.15449565,  8.78      ]]))
(array([[20.69499702, 19.15449565,  8.78      ]]), array([[20.69499702, 19.15449565,  9.94      ]]))
(array([[23.14999702, 13.51199566, 11.61      ]]), array([[23.14999702, 13.51199566, 12.485     ]]))
(array([[23.14999702, 13.51199566, 12.485     ]]), array([[23.14999702, 13.51199566, 13.485     ]]))
(array([[22.69999702, 13.51199566, 11.61      ]]), array([[22.69999702, 13.51199566, 12.485     ]]))
(array([[22.69999702, 13.51199566, 12.485     ]]), array([[22.69999702, 13.51199566, 13.485     ]]))
(array([[22.09999702, 13.51199566, 11.61      ]]), array([[22.09999702, 13.51199566, 12.485     ]]))
(array([[22.09999702, 13.51199566, 12.485     ]]), array([[22.09999702, 13.51199566, 13.485     ]]))
(array([[21.49999702, 13.51199566, 11.61      ]]), array([[21.49999702, 13.51199566, 12.485     ]]))
(array([[21.49999702, 13.51199566, 12.485     ]]), array([[21.49999702, 13.51199566, 13.485     ]]))
(array([[20.89999702, 13.51199566, 11.61      ]]), array([[20.89999702, 13.51199566, 12.485     ]]))
(array([[20.89999702, 13.51199566, 12.485     ]]), array([[20.89999702, 13.51199566, 13.485     ]]))
(array([[20.29999702, 13.51199566, 11.61      ]]), array([[20.29999702, 13.51199566, 12.485     ]]))
(array([[20.29999702, 13.51199566, 12.485     ]]), array([[20.29999702, 13.51199566, 13.485     ]]))
(array([[19.69999702, 13.51199566, 11.61      ]]), array([[19.69999702, 13.51199566, 12.485     ]]))
(array([[19.69999702, 13.51199566, 12.485     ]]), array([[19.69999702, 13.51199566, 13.485     ]]))
(array([[19.09999702, 13.51199566, 11.61      ]]), array([[19.09999702, 13.51199566, 12.485     ]]))
(array([[19.09999702, 13.51199566, 12.485     ]]), array([[19.09999702, 13.51199566, 13.485     ]]))
(array([[18.49999702, 13.51199566, 11.61      ]]), array([[18.49999702, 13.51199566, 12.485     ]]))
(array([[18.49999702, 13.51199566, 12.485     ]]), array([[18.49999702, 13.51199566, 13.485     ]]))
(array([[17.89999702, 13.51199566, 11.61      ]]), array([[17.89999702, 13.51199566, 12.485     ]]))
(array([[17.89999702, 13.51199566, 12.485     ]]), array([[17.89999702, 13.51199566, 13.485     ]]))
(array([[17.29999702, 13.51199566, 11.61      ]]), array([[17.29999702, 13.51199566, 12.485     ]]))
(array([[17.29999702, 13.51199566, 12.485     ]]), array([[17.29999702, 13.51199566, 13.485     ]]))
(array([[16.69999702, 13.51199566, 11.61      ]]), array([[16.69999702, 13.51199566, 12.485     ]]))
(array([[16.69999702, 13.51199566, 12.485     ]]), array([[16.69999702, 13.51199566, 13.485     ]]))
(array([[16.09999702, 13.51199566, 11.61      ]]), array([[16.09999702, 13.51199566, 12.485     ]]))
(array([[16.09999702, 13.51199566, 12.485     ]]), array([[16.09999702, 13.51199566, 13.485     ]]))
(array([[15.49999702, 13.51199566, 11.61      ]]), array([[15.49999702, 13.51199566, 12.485     ]]))
(array([[15.49999702, 13.51199566, 12.485     ]]), array([[15.49999702, 13.51199566, 13.485     ]]))
(array([[14.89999702, 13.51199566, 11.61      ]]), array([[14.89999702, 13.51199566, 12.485     ]]))
(array([[14.89999702, 13.51199566, 12.485     ]]), array([[14.89999702, 13.51199566, 13.485     ]]))
(array([[14.29999702, 13.51199566, 11.61      ]]), array([[14.29999702, 13.51199566, 12.485     ]]))
(array([[14.29999702, 13.51199566, 12.485     ]]), array([[14.29999702, 13.51199566, 13.485     ]]))
(array([[13.69999702, 13.51199566, 11.61      ]]), array([[13.69999702, 13.51199566, 12.485     ]]))
(array([[13.69999702, 13.51199566, 12.485     ]]), array([[13.69999702, 13.51199566, 13.485     ]]))
(array([[13.09999702, 13.51199566, 11.61      ]]), array([[13.09999702, 13.51199566, 12.485     ]]))
(array([[13.09999702, 13.51199566, 12.485     ]]), array([[13.09999702, 13.51199566, 13.485     ]]))
(array([[12.42999702, 13.51199566, 11.61      ]]), array([[12.42999702, 13.51199566, 12.485     ]]))
(array([[12.42999702, 13.51199566, 12.485     ]]), array([[12.42999702, 13.51199566, 13.485     ]]))
(array([[12.39999702, 16.895     ,  7.09      ]]), array([[12.39999702, 16.895     ,  8.78      ]]))
(array([[12.39999702, 16.895     ,  8.78      ]]), array([[12.39999702, 16.895     ,  9.94      ]]))
(array([[13.09999702, 16.895     ,  7.09      ]]), array([[13.09999702, 16.895     ,  8.78      ]]))
(array([[13.09999702, 16.895     ,  8.78      ]]), array([[13.09999702, 16.895     ,  9.94      ]]))
(array([[13.69999702, 16.895     ,  7.09      ]]), array([[13.69999702, 16.895     ,  8.78      ]]))
(array([[13.69999702, 16.895     ,  8.78      ]]), array([[13.69999702, 16.895     ,  9.94      ]]))
(array([[14.29999702, 16.895     ,  7.09      ]]), array([[14.29999702, 16.895     ,  8.78      ]]))
(array([[14.29999702, 16.895     ,  8.78      ]]), array([[14.29999702, 16.895     ,  9.94      ]]))
(array([[14.89999702, 16.895     ,  7.09      ]]), array([[14.89999702, 16.895     ,  8.78      ]]))
(array([[14.89999702, 16.895     ,  8.78      ]]), array([[14.89999702, 16.895     ,  9.94      ]]))
(array([[15.49999702, 16.895     ,  7.09      ]]), array([[15.49999702, 16.895     ,  8.78      ]]))
(array([[15.49999702, 16.895     ,  8.78      ]]), array([[15.49999702, 16.895     ,  9.94      ]]))
(array([[16.09999702, 16.895     ,  7.09      ]]), array([[16.09999702, 16.895     ,  8.78      ]]))
(array([[16.09999702, 16.895     ,  8.78      ]]), array([[16.09999702, 16.895     ,  9.94      ]]))
(array([[16.69999702, 16.895     ,  7.09      ]]), array([[16.69999702, 16.895     ,  8.78      ]]))
(array([[16.69999702, 16.895     ,  8.78      ]]), array([[16.69999702, 16.895     ,  9.94      ]]))
(array([[22.69999702, 13.51249566,  7.625     ]]), array([[22.69999702, 13.51249566,  8.76      ]]))
(array([[22.09999702, 13.51249566,  7.625     ]]), array([[22.09999702, 13.51249566,  8.76      ]]))
(array([[21.49999702, 13.51249566,  7.625     ]]), array([[21.49999702, 13.51249566,  8.76      ]]))
(array([[20.89999702, 13.51249566,  7.625     ]]), array([[20.89999702, 13.51249566,  8.76      ]]))
(array([[20.29999702, 13.51249566,  7.625     ]]), array([[20.29999702, 13.51249566,  8.76      ]]))
(array([[19.69999702, 13.51249566,  7.625     ]]), array([[19.69999702, 13.51249566,  8.76      ]]))
(array([[19.09999702, 13.51249566,  7.625     ]]), array([[19.09999702, 13.51249566,  8.76      ]]))
(array([[18.49999702, 13.51249566,  7.625     ]]), array([[18.49999702, 13.51249566,  8.76      ]]))
(array([[16.09999702, 16.895     ,  2.58      ]]), array([[16.09999702, 16.895     ,  4.04      ]]))
(array([[15.49999702, 16.895     ,  2.58      ]]), array([[15.49999702, 16.895     ,  4.04      ]]))
(array([[14.89999702, 16.895     ,  2.58      ]]), array([[14.89999702, 16.895     ,  4.04      ]]))
(array([[14.29999702, 16.895     ,  2.58      ]]), array([[14.29999702, 16.895     ,  4.04      ]]))
(array([[13.69999702, 16.895     ,  2.58      ]]), array([[13.69999702, 16.895     ,  4.04      ]]))
(array([[13.09999702, 16.895     ,  2.58      ]]), array([[13.09999702, 16.895     ,  4.04      ]]))
(array([[12.49999702, 16.895     ,  2.58      ]]), array([[12.49999702, 16.895     ,  4.04      ]]))
(array([[11.89999702, 16.895     ,  2.58      ]]), array([[11.89999702, 16.895     ,  4.04      ]]))
(array([[11.29999702, 16.895     ,  2.58      ]]), array([[11.29999702, 16.895     ,  4.04      ]]))
(array([[10.69999702, 16.895     ,  2.58      ]]), array([[10.69999702, 16.895     ,  4.04      ]]))
(array([[10.09999702, 16.895     ,  2.58      ]]), array([[10.09999702, 16.895     ,  4.04      ]]))
(array([[17.89999702, 13.51249566,  7.625     ]]), array([[17.89999702, 13.51249566,  8.76      ]]))
(array([[17.29999702, 13.51249566,  7.625     ]]), array([[17.29999702, 13.51249566,  8.76      ]]))
(array([[23.14999702, 13.51249566,  7.625     ]]), array([[23.14999702, 13.51249566,  8.76      ]]))
(array([[11.89999702, 16.895     ,  7.09      ]]), array([[11.89999702, 16.895     ,  8.46      ]]))
(array([[11.29999702, 16.895     ,  7.09      ]]), array([[11.29999702, 16.895     ,  8.46      ]]))
(array([[10.69999702, 16.895     ,  7.09      ]]), array([[10.69999702, 16.895     ,  8.46      ]]))
(array([[10.09999702, 16.895     ,  7.09      ]]), array([[10.09999702, 16.895     ,  8.46      ]]))
(array([[17.19499702, 13.4       ,  7.09      ]]), array([[17.19499702, 13.4       ,  8.46      ]]))
(array([[17.19499702, 12.8       ,  7.09      ]]), array([[17.19499702, 12.8       ,  8.46      ]]))
(array([[17.19499702, 12.2       ,  7.09      ]]), array([[17.19499702, 12.2       ,  8.46      ]]))
(array([[17.19499702, 11.6       ,  7.09      ]]), array([[17.19499702, 11.6       ,  8.46      ]]))
(array([[17.19499702, 11.03      ,  7.09      ]]), array([[17.19499702, 11.03      ,  8.46      ]]))
(array([[24.18999702, 19.15499565,  7.54      ]]), array([[24.18999702, 19.15499565,  8.46      ]]))
(array([[24.78999702, 19.15499565,  7.54      ]]), array([[24.78999702, 19.15499565,  8.46      ]]))
(array([[23.28499702, 19.01999565,  7.625     ]]), array([[23.28499702, 19.01999565,  8.76      ]]))
(array([[20.69499702, 19.16249565,  3.115     ]]), array([[20.69499702, 19.16249565,  4.04      ]]))
(array([[20.69499702, 32.84999565,  3.115     ]]), array([[20.69499702, 32.84999565,  3.61      ]]))
(array([[20.69499702, 33.44999565,  3.115     ]]), array([[20.69499702, 33.44999565,  3.96      ]]))
(array([[20.69499702, 34.04999565,  3.115     ]]), array([[20.69499702, 34.04999565,  3.96      ]]))
(array([[20.69499702, 34.64999565,  3.115     ]]), array([[20.69499702, 34.64999565,  3.61      ]]))
(array([[20.69499702, 35.24999565,  3.115     ]]), array([[20.69499702, 35.24999565,  4.04      ]]))
(array([[20.69499702, 35.87499565,  3.115     ]]), array([[20.69499702, 35.87499565,  4.04      ]]))
(array([[20.69499702, 31.64999565,  7.09      ]]), array([[20.69499702, 31.64999565,  7.86      ]]))
(array([[20.69499702, 32.24999565,  7.09      ]]), array([[20.69499702, 32.24999565,  8.46      ]]))
(array([[20.69499702, 32.84999565,  7.09      ]]), array([[20.69499702, 32.84999565,  8.46      ]]))
(array([[20.69499702, 33.44999565,  7.09      ]]), array([[20.69499702, 33.44999565,  8.46      ]]))
(array([[20.69499702, 34.04999565,  7.09      ]]), array([[20.69499702, 34.04999565,  8.46      ]]))
(array([[20.69499702, 34.64999565,  7.09      ]]), array([[20.69499702, 34.64999565,  8.46      ]]))
(array([[20.69499702, 35.24999565,  7.09      ]]), array([[20.69499702, 35.24999565,  8.46      ]]))
(array([[20.69499702, 35.87499565,  7.09      ]]), array([[20.69499702, 35.87499565,  8.44      ]]))
